This is a commentline for comments 
0.000500000000 
sample_sin.txt sample_cos.txt sample_exp.txt 
0.000000000000 1.000000000000 1.000000000000 
0.003143159060 0.999995060263 0.996861770334 
0.006286287068 0.999980241102 0.993733389153 
0.009429352970 0.999955542663 0.990614825550 
0.012572325715 0.999920965190 0.987506048717 
0.015715174253 0.999876509024 0.984407027939 
0.018857867532 0.999822174605 0.981317732600 
0.022000374506 0.999757962470 0.978238132179 
0.025142664128 0.999683873252 0.975168196252 
0.028284705353 0.999599907685 0.972107894489 
0.031426467141 0.999506066596 0.969057196656 
0.034567918451 0.999402350915 0.966016072613 
0.037709028249 0.999288761664 0.962984492315 
0.040849765501 0.999165299967 0.959962425813 
0.043990099179 0.999031967043 0.956949843250 
0.047129998259 0.998888764210 0.953946714862 
0.050269431718 0.998735692881 0.950953010982 
0.053408368542 0.998572754570 0.947968702031 
0.056546777720 0.998399950886 0.944993758528 
0.059684628245 0.998217283537 0.942028151080 
0.062821889117 0.998024754326 0.939071850390 
0.065958529343 0.997822365157 0.936124827250 
0.069094517933 0.997610118028 0.933187052546 
0.072229823905 0.997388015037 0.930258497253 
0.075364416285 0.997156058377 0.927339132440 
0.078498264104 0.996914250341 0.924428929263 
0.081631336401 0.996662593317 0.921527858973 
0.084763602224 0.996401089792 0.918635892908 
0.087895030627 0.996129742348 0.915753002496 
0.091025590674 0.995848553668 0.912879159256 
0.094155251435 0.995557526528 0.910014334797 
0.097283981993 0.995256663805 0.907158500815 
0.100411751436 0.994945968469 0.904311629095 
0.103538528863 0.994625443592 0.901473691513 
0.106664283385 0.994295092339 0.898644660031 
0.109788984119 0.993954917975 0.895824506699 
0.112912600196 0.993604923859 0.893013203656 
0.116035100757 0.993245113450 0.890210723128 
0.119156454951 0.992875490303 0.887417037428 
0.122276631943 0.992496058068 0.884632118954 
0.125395600906 0.992106820495 0.881855940195 
0.128513331026 0.991707781430 0.879088473722 
0.131629791502 0.991298944814 0.876329692194 
0.134744951545 0.990880314686 0.873579568356 
0.137858780380 0.990451895183 0.870838075039 
0.140971247242 0.990013690537 0.868105185157 
0.144082321382 0.989565705077 0.865380871712 
0.147191972065 0.989107943229 0.862665107787 
0.150300168569 0.988640409516 0.859957866554 
0.153406880186 0.988163108556 0.857259121265 
0.156512076224 0.987676045065 0.854568845259 
0.159615726005 0.987179223855 0.851887011957 
0.162717798867 0.986672649835 0.849213594864 
0.165818264163 0.986156328008 0.846548567567 
0.168917091261 0.985630263476 0.843891903738 
0.172014249548 0.985094461436 0.841243577131 
0.175109708425 0.984548927182 0.838603561580 
0.178203437310 0.983993666103 0.835971831005 
0.181295405638 0.983428683685 0.833348359405 
0.184385582864 0.982853985510 0.830733120861 
0.187473938457 0.982269577254 0.828126089536 
0.190560441907 0.981675464693 0.825527239674 
0.193645062719 0.981071653695 0.822936545600 
0.196727770421 0.980458150226 0.820353981719 
0.199808534555 0.979834960347 0.817779522517 
0.202887324687 0.979202090215 0.815213142559 
0.205964110399 0.978559546082 0.812654816490 
0.209038861294 0.977907334296 0.810104519037 
0.212111546995 0.977245461300 0.807562225002 
0.215182137145 0.976573933634 0.805027909270 
0.218250601410 0.975892757932 0.802501546803 
0.221316909473 0.975201940924 0.799983112641 
0.224381031042 0.974501489434 0.797472581905 
0.227442935844 0.973791410382 0.794969929790 
0.230502593631 0.973071710785 0.792475131572 
0.233559974172 0.972342397751 0.789988162605 
0.236615047265 0.971603478487 0.787508998317 
0.239667782725 0.970854960292 0.785037614216 
0.242718150394 0.970096850561 0.782573985885 
0.245766120135 0.969329156785 0.780118088987 
0.248811661837 0.968551886547 0.777669899257 
0.251854745410 0.967765047527 0.775229392508 
0.254895340792 0.966968647497 0.772796544630 
0.257933417941 0.966162694327 0.770371331588 
0.260968946844 0.965347195978 0.767953729421 
0.264001897512 0.964522160508 0.765543714245 
0.267032239980 0.963687596066 0.763141262250 
0.270059944309 0.962843510899 0.760746349701 
0.273084980589 0.961989913344 0.758358952938 
0.276107318933 0.961126811837 0.755979048374 
0.279126929483 0.960254214902 0.753606612497 
0.282143782405 0.959372131162 0.751241621869 
0.285157847895 0.958480569330 0.748884053124 
0.288169096176 0.957579538216 0.746533882972 
0.291177497498 0.956669046719 0.744191088194 
0.294183022140 0.955749103837 0.741855645643 
0.297185640408 0.954819718657 0.739527532248 
0.300185322639 0.953880900360 0.737206725007 
0.303182039197 0.952932658223 0.734893200992 
0.306175760476 0.951975001614 0.732586937347 
0.309166456900 0.951007939992 0.730287911287 
0.312154098922 0.950031482913 0.727996100099 
0.315138657026 0.949045640024 0.725711481141 
0.318120101726 0.948050421063 0.723434031841 
0.321098403567 0.947045835864 0.721163729701 
0.324073533125 0.946031894350 0.718900552290 
0.327045461007 0.945008606540 0.716644477250 
0.330014157852 0.943975982543 0.714395482291 
0.332979594331 0.942934032560 0.712153545195 
0.335941741147 0.941882766885 0.709918643812 
0.338900569036 0.940822195905 0.707690756064 
0.341856048765 0.939752330097 0.705469859938 
0.344808151137 0.938673180031 0.703255933495 
0.347756846986 0.937584756368 0.701048954861 
0.350702107181 0.936487069862 0.698848902234 
0.353643902623 0.935380131357 0.696655753876 
0.356582204250 0.934263951789 0.694469488122 
0.359516983033 0.933138542185 0.692290083372 
0.362448209977 0.932003913664 0.690117518095 
0.365375856123 0.930860077435 0.687951770826 
0.368299892549 0.929707044799 0.685792820170 
0.371220290366 0.928544827147 0.683640644797 
0.374137020722 0.927373435961 0.681495223444 
0.377050054801 0.926192882814 0.679356534916 
0.379959363824 0.925003179369 0.677224558084 
0.382864919049 0.923804337380 0.675099271885 
0.385766691770 0.922596368691 0.672980655323 
0.388664653319 0.921379285235 0.670868687465 
0.391558775066 0.920153099038 0.668763347448 
0.394449028419 0.918917822212 0.666664614471 
0.397335384823 0.917673466963 0.664572467800 
0.400217815763 0.916420045583 0.662486886766 
0.403096292762 0.915157570455 0.660407850765 
0.405970787382 0.913886054053 0.658335339256 
0.408841271224 0.912605508938 0.656269331764 
0.411707715929 0.911315947761 0.654209807877 
0.414570093179 0.910017383263 0.652156747250 
0.417428374696 0.908709828272 0.650110129599 
0.420282532239 0.907393295707 0.648069934704 
0.423132537613 0.906067798574 0.646036142409 
0.425978362660 0.904733349969 0.644008732621 
0.428819979265 0.903389963074 0.641987685311 
0.431657359354 0.902037651163 0.639972980511 
0.434490474897 0.900676427594 0.637964598318 
0.437319297902 0.899306305817 0.635962518890 
0.440143800423 0.897927299367 0.633966722446 
0.442963954555 0.896539421869 0.631977189270 
0.445779732436 0.895142687033 0.629993899706 
0.448591106249 0.893737108659 0.628016834161 
0.451398048217 0.892322700633 0.626045973101 
0.454200530611 0.890899476929 0.624081297055 
0.456998525743 0.889467451607 0.622122786615 
0.459792005970 0.888026638816 0.620170422430 
0.462580943694 0.886577052789 0.618224185212 
0.465365311362 0.885118707847 0.616284055733 
0.468145081466 0.883651618399 0.614350014827 
0.470920226543 0.882175798939 0.612422043385 
0.473690719176 0.880691264046 0.610500122360 
0.476456531994 0.879198028387 0.608584232764 
0.479217637673 0.877696106715 0.606674355671 
0.481974008934 0.876185513868 0.604770472210 
0.484725618546 0.874666264769 0.602872563572 
0.487472439324 0.873138374428 0.600980611008 
0.490214444131 0.871601857941 0.599094595826 
0.492951605877 0.870056730485 0.597214499392 
0.495683897522 0.868503007328 0.595340303133 
0.498411292070 0.866940703818 0.593471988532 
0.501133762577 0.865369835391 0.591609537132 
0.503851282147 0.863790417566 0.589752930531 
0.506563823932 0.862202465946 0.587902150389 
0.509271361132 0.860605996220 0.586057178420 
0.511973867000 0.859001024161 0.584217996396 
0.514671314836 0.857387565623 0.582384586148 
0.517363677990 0.855765636548 0.580556929563 
0.520050929864 0.854135252959 0.578735008583 
0.522733043908 0.852496430964 0.576918805210 
0.525409993626 0.850849186753 0.575108301501 
0.528081752569 0.849193536600 0.573303479568 
0.530748294342 0.847529496863 0.571504321580 
0.533409592603 0.845857083980 0.569710809764 
0.536065621057 0.844176314475 0.567922926399 
0.538716353465 0.842487204953 0.566140653823 
0.541361763640 0.840789772101 0.564363974428 
0.544001825445 0.839084032688 0.562592870661 
0.546636512799 0.837370003568 0.560827325024 
0.549265799672 0.835647701673 0.559067320075 
0.551889660088 0.833917144018 0.557312838426 
0.554508068125 0.832178347702 0.555563862743 
0.557120997915 0.830431329902 0.553820375747 
0.559728423642 0.828676107877 0.552082360214 
0.562330319548 0.826912698970 0.550349798973 
0.564926659926 0.825141120600 0.548622674907 
0.567517419126 0.823361390271 0.546900970953 
0.570102571553 0.821573525564 0.545184670101 
0.572682091667 0.819777544145 0.543473755396 
0.575255953984 0.817973463754 0.541768209934 
0.577824133075 0.816161302217 0.540068016865 
0.580386603567 0.814341077436 0.538373159392 
0.582943340146 0.812512807394 0.536683620772 
0.585494317551 0.810676510154 0.534999384312 
0.588039510581 0.808832203856 0.533320433372 
0.590578894091 0.806979906723 0.531646751367 
0.593112442992 0.805119637053 0.529978321760 
0.595640132255 0.803251413225 0.528315128068 
0.598161936906 0.801375253696 0.526657153860 
0.600677832033 0.799491177002 0.525004382755 
0.603187792779 0.797599201756 0.523356798426 
0.605691794348 0.795699346650 0.521714384595 
0.608189812001 0.793791630454 0.520077125036 
0.610681821058 0.791876072014 0.518445003574 
0.613167796901 0.789952690256 0.516818004083 
0.615647714969 0.788021504182 0.515196110490 
0.618121550762 0.786082532870 0.513579306773 
0.620589279840 0.784135795477 0.511967576956 
0.623050877822 0.782181311235 0.510360905118 
0.625506320390 0.780219099453 0.508759275385 
0.627955583285 0.778249179518 0.507162671934 
0.630398642310 0.776271570891 0.505571078991 
0.632835473328 0.774286293110 0.503984480832 
0.635266052265 0.772293365788 0.502402861783 
0.637690355107 0.770292808614 0.500826206218 
0.640108357905 0.768284641353 0.499254498560 
0.642520036770 0.766268883845 0.497687723281 
0.644925367875 0.764245556003 0.496125864903 
0.647324327457 0.762214677819 0.494568907996 
0.649716891816 0.760176269354 0.493016837177 
0.652103037314 0.758130350748 0.491469637112 
0.654482740378 0.756076942214 0.489927292517 
0.656855977496 0.754016064038 0.488389788153 
0.659222725224 0.751947736580 0.486857108831 
0.661582960179 0.749871980275 0.485329239409 
0.663936659042 0.747788815629 0.483806164792 
0.666283798560 0.745698263224 0.482287869933 
0.668624355546 0.743600343713 0.480774339832 
0.670958306876 0.741495077822 0.479265559536 
0.673285629490 0.739382486351 0.477761514139 
0.675606300397 0.737262590169 0.476262188781 
0.677920296670 0.735135410222 0.474767568652 
0.680227595448 0.733000967524 0.473277638983 
0.682528173935 0.730859283163 0.471792385056 
0.684822009403 0.728710378297 0.470311792197 
0.687109079190 0.726554274156 0.468835845778 
0.689389360702 0.724390992041 0.467364531218 
0.691662831410 0.722220553326 0.465897833981 
0.693929468854 0.720042979451 0.464435739577 
0.696189250639 0.717858291931 0.462978233561 
0.698442154442 0.715666512349 0.461525301533 
0.700688158004 0.713467662360 0.460076929140 
0.702927239136 0.711261763685 0.458633102073 
0.705159375718 0.709048838119 0.457193806066 
0.707384545696 0.706828907524 0.455759026900 
0.709602727087 0.704601993831 0.454328750401 
0.711813897977 0.702368119042 0.452902962438 
0.714018036521 0.700127305226 0.451481648926 
0.716215120943 0.697879574521 0.450064795821 
0.718405129536 0.695624949133 0.448652389127 
0.720588040665 0.693363451337 0.447244414890 
0.722763832764 0.691095103475 0.445840859199 
0.724932484337 0.688819927958 0.444441708188 
0.727093973959 0.686537947263 0.443046948034 
0.729248280276 0.684249183934 0.441656564958 
0.731395382003 0.681953660584 0.440270545224 
0.733535257930 0.679651399891 0.438888875138 
0.735667886914 0.677342424600 0.437511541049 
0.737793247887 0.675026757523 0.436138529352 
0.739911319852 0.672704421537 0.434769826480 
0.742022081882 0.670375439586 0.433405418913 
0.744125513125 0.668039834678 0.432045293170 
0.746221592800 0.665697629889 0.430689435813 
0.748310300198 0.663348848357 0.429337833449 
0.750391614685 0.660993513289 0.427990472723 
0.752465515699 0.658631647952 0.426647340325 
0.754531982749 0.656263275682 0.425308422984 
0.756590995420 0.653888419877 0.423973707474 
0.758642533371 0.651507103998 0.422643180607 
0.760686576334 0.649119351572 0.421316829239 
0.762723104113 0.646725186189 0.419994640267 
0.764752096591 0.644324631502 0.418676600627 
0.766773533720 0.641917711227 0.417362697298 
0.768787395531 0.639504449143 0.416052917300 
0.770793662127 0.637084869091 0.414747247692 
0.772792313687 0.634658994977 0.413445675575 
0.774783330467 0.632226850767 0.412148188091 
0.776766692796 0.629788460488 0.410854772420 
0.778742381078 0.627343848230 0.409565415785 
0.780710375797 0.624893038146 0.408280105447 
0.782670657507 0.622436054448 0.406998828707 
0.784623206845 0.619972921410 0.405721572909 
0.786568004518 0.617503663365 0.404448325433 
0.788505031313 0.615028304710 0.403179073699 
0.790434268094 0.612546869899 0.401913805169 
0.792355695801 0.610059383447 0.400652507343 
0.794269295451 0.607565869930 0.399395167758 
0.796175048138 0.605066353983 0.398141773994 
0.798072935036 0.602560860298 0.396892313667 
0.799962937393 0.600049413630 0.395646774434 
0.801845036538 0.597532038789 0.394405143989 
0.803719213876 0.595008760647 0.393167410066 
0.805585450892 0.592479604131 0.391933560436 
0.807443729148 0.589944594229 0.390703582909 
0.809294030285 0.587403755985 0.389477465334 
0.811136336023 0.584857114502 0.388255195598 
0.812970628161 0.582304694938 0.387036761625 
0.814796888578 0.579746522511 0.385822151378 
0.816615099231 0.577182622493 0.384611352857 
0.818425242157 0.574613020215 0.383404354099 
0.820227299472 0.572037741063 0.382201143181 
0.822021253374 0.569456810479 0.381001708215 
0.823807086139 0.566870253962 0.379806037351 
0.825584780124 0.564278097066 0.378614118777 
0.827354317766 0.561680365399 0.377425940717 
0.829115681583 0.559077084626 0.376241491433 
0.830868854173 0.556468280466 0.375060759223 
0.832613818218 0.553853978692 0.373883732422 
0.834350556476 0.551234205133 0.372710399401 
0.836079051790 0.548608985670 0.371540748569 
0.837799287083 0.545978346240 0.370374768369 
0.839511245361 0.543342312831 0.369212447284 
0.841214909710 0.540700911486 0.368053773828 
0.842910263299 0.538054168300 0.366898736556 
0.844597289378 0.535402109423 0.365747324057 
0.846275971281 0.532744761056 0.364599524954 
0.847946292423 0.530082149450 0.363455327908 
0.849608236302 0.527414300912 0.362314721616 
0.851261786500 0.524741241799 0.361177694808 
0.852906926679 0.522062998519 0.360044236251 
0.854543640588 0.519379597531 0.358914334748 
0.856171912055 0.516691065346 0.357787979135 
0.857791724994 0.513997428526 0.356665158285 
0.859403063404 0.511298713682 0.355545861104 
0.861005911363 0.508594947476 0.354430076535 
0.862600253038 0.505886156619 0.353317793554 
0.864186072676 0.503172367874 0.352209001172 
0.865763354612 0.500453608051 0.351103688436 
0.867332083261 0.497729904010 0.350001844425 
0.868892243126 0.495001282660 0.348903458254 
0.870443818794 0.492267770957 0.347808519070 
0.871986794935 0.489529395909 0.346717016058 
0.873521156306 0.486786184568 0.345628938432 
0.875046887748 0.484038164035 0.344544275444 
0.876563974188 0.481285361461 0.343463016377 
0.878072400637 0.478527804041 0.342385150550 
0.879572152193 0.475765519018 0.341310667313 
0.881063214040 0.472998533682 0.340239556051 
0.882545571447 0.470226875370 0.339171806183 
0.884019209768 0.467450571464 0.338107407159 
0.885484114444 0.464669649393 0.337046348463 
0.886940271005 0.461884136630 0.335988619613 
0.888387665062 0.459094060695 0.334934210160 
0.889826282317 0.456299449153 0.333883109685 
0.891256108558 0.453500329613 0.332835307805 
0.892677129657 0.450696729728 0.331790794168 
0.894089331577 0.447888677197 0.330749558455 
0.895492700364 0.445076199761 0.329711590378 
0.896887222156 0.442259325208 0.328676879684 
0.898272883174 0.439438081365 0.327645416150 
0.899649669730 0.436612496105 0.326617189585 
0.901017568220 0.433782597344 0.325592189831 
0.902376565132 0.430948413039 0.324570406762 
0.903726647038 0.428109971191 0.323551830282 
0.905067800601 0.425267299842 0.322536450330 
0.906400012571 0.422420427076 0.321524256873 
0.907723269786 0.419569381018 0.320515239911 
0.909037559174 0.416714189837 0.319509389477 
0.910342867749 0.413854881738 0.318506695632 
0.911639182616 0.410991484971 0.317507148471 
0.912926490968 0.408124027825 0.316510738118 
0.914204780088 0.405252538628 0.315517454730 
0.915474037345 0.402377045750 0.314527288494 
0.916734250202 0.399497577599 0.313540229626 
0.917985406206 0.396614162621 0.312556268376 
0.919227492999 0.393726829305 0.311575395022 
0.920460498308 0.390835606175 0.310597599874 
0.921684409952 0.387940521796 0.309622873272 
0.922899215840 0.385041604768 0.308651205585 
0.924104903969 0.382138883732 0.307682587215 
0.925301462429 0.379232387365 0.306717008592 
0.926488879398 0.376322144381 0.305754460177 
0.927667143145 0.373408183534 0.304794932459 
0.928836242028 0.370490533610 0.303838415960 
0.929996164500 0.367569223434 0.302884901229 
0.931146899098 0.364644281869 0.301934378847 
0.932288434456 0.361715737810 0.300986839422 
0.933420759295 0.358783620190 0.300042273593 
0.934543862429 0.355847957977 0.299100672029 
0.935657732762 0.352908780173 0.298162025427 
0.936762359289 0.349966115817 0.297226324513 
0.937857731097 0.347019993979 0.296293560044 
0.938943837365 0.344070443767 0.295363722804 
0.940020667362 0.341117494320 0.294436803607 
0.941088210451 0.338161174812 0.293512793295 
0.942146456083 0.335201514450 0.292591682739 
0.943195393805 0.332238542473 0.291673462840 
0.944235013253 0.329272288155 0.290758124526 
0.945265304157 0.326302780800 0.289845658754 
0.946286256337 0.323330049745 0.288936056509 
0.947297859707 0.320354124359 0.288029308805 
0.948300104274 0.317375034044 0.287125406683 
0.949292980135 0.314392808230 0.286224341214 
0.950276477481 0.311407476381 0.285326103495 
0.951250586596 0.308419067990 0.284430684653 
0.952215297857 0.305427612581 0.283538075840 
0.953170601732 0.302433139709 0.282648268239 
0.954116488783 0.299435678956 0.281761253058 
0.955052949666 0.296435259936 0.280877021535 
0.955979975129 0.293431912292 0.279995564933 
0.956897556014 0.290425665696 0.279116874545 
0.957805683254 0.287416549846 0.278240941689 
0.958704347879 0.284404594473 0.277367757711 
0.959593541010 0.281389829332 0.276497313986 
0.960473253862 0.278372284208 0.275629601912 
0.961343477745 0.275351988912 0.274764612919 
0.962204204060 0.272328973284 0.273902338459 
0.963055424304 0.269303267189 0.273042770015 
0.963897130068 0.266274900519 0.272185899094 
0.964729313036 0.263243903194 0.271331717230 
0.965551964987 0.260210305157 0.270480215986 
0.966365077793 0.257174136380 0.269631386948 
0.967168643421 0.254135426858 0.268785221730 
0.967962653932 0.251094206611 0.267941711974 
0.968747101481 0.248050505686 0.267100849344 
0.969521978320 0.245004354153 0.266262625535 
0.970287276793 0.241955782106 0.265427032265 
0.971042989338 0.238904819663 0.264594061278 
0.971789108490 0.235851496966 0.263763704345 
0.972525626877 0.232795844181 0.262935953263 
0.973252537223 0.229737891495 0.262110799854 
0.973969832347 0.226677669120 0.261288235966 
0.974677505162 0.223615207289 0.260468253473 
0.975375548677 0.220550536258 0.259650844272 
0.976063955995 0.217483686303 0.258836000290 
0.976742720315 0.214414687725 0.258023713475 
0.977411834931 0.211343570842 0.257213975803 
0.978071293234 0.208270365996 0.256406779273 
0.978721088707 0.205195103548 0.255602115912 
0.979361214931 0.202117813881 0.254799977769 
0.979991665583 0.199038527396 0.254000356920 
0.980612434433 0.195957274515 0.253203245464 
0.981223515349 0.192874085680 0.252408635528 
0.981824902293 0.189788991351 0.251616519260 
0.982416589324 0.186702022006 0.250826888835 
0.982998570597 0.183613208143 0.250039736451 
0.983570840361 0.180522580279 0.249255054332 
0.984133392964 0.177430168947 0.248472834726 
0.984686222848 0.174336004698 0.247693069905 
0.985229324550 0.171240118101 0.246915752165 
0.985762692705 0.168142539742 0.246140873826 
0.986286322044 0.165043300224 0.245368427234 
0.986800207394 0.161942430164 0.244598404756 
0.987304343677 0.158839960198 0.243830798786 
0.987798725914 0.155735920978 0.243065601740 
0.988283349219 0.152630343168 0.242302806058 
0.988758208806 0.149523257452 0.241542404203 
0.989223299982 0.146414694524 0.240784388665 
0.989678618153 0.143304685096 0.240028751953 
0.990124158821 0.140193259893 0.239275486603 
0.990559917583 0.137080449655 0.238524585172 
0.990985890135 0.133966285134 0.237776040243 
0.991402072269 0.130850797096 0.237029844420 
0.991808459872 0.127734016322 0.236285990330 
0.992205048930 0.124615973603 0.235544470625 
0.992591835525 0.121496699744 0.234805277980 
0.992968815836 0.118376225561 0.234068405091 
0.993335986137 0.115254581884 0.233333844678 
0.993693342802 0.112131799552 0.232601589484 
0.994040882300 0.109007909417 0.231871632276 
0.994378601198 0.105882942341 0.231143965841 
0.994706496160 0.102756929197 0.230418582990 
0.995024563944 0.099629900869 0.229695476557 
0.995332801411 0.096501888251 0.228974639398 
0.995631205513 0.093372922244 0.228256064392 
0.995919773304 0.090243033762 0.227539744439 
0.996198501932 0.087112253726 0.226825672463 
0.996467388643 0.083980613068 0.226113841408 
0.996726430781 0.080848142725 0.225404244243 
0.996975625788 0.077714873645 0.224696873957 
0.997214971200 0.074580836783 0.223991723561 
0.997444464653 0.071446063101 0.223288786089 
0.997664103881 0.068310583570 0.222588054597 
0.997873886713 0.065174429167 0.221889522160 
0.998073811076 0.062037630874 0.221193181879 
0.998263874996 0.058900219683 0.220499026874 
0.998444076594 0.055762226588 0.219807050286 
0.998614414091 0.052623682592 0.219117245280 
0.998774885804 0.049484618701 0.218429605041 
0.998925490146 0.046345065929 0.217744122774 
0.999066225631 0.043205055292 0.217060791708 
0.999197090868 0.040064617811 0.216379605092 
0.999318084564 0.036923784513 0.215700556196 
0.999429205524 0.033782586428 0.215023638312 
0.999530452649 0.030641054589 0.214348844751 
0.999621824941 0.027499220032 0.213676168848 
0.999703321495 0.024357113797 0.213005603956 
0.999774941506 0.021214766927 0.212337143450 
0.999836684268 0.018072210466 0.211670780727 
0.999888549171 0.014929475461 0.211006509204 
0.999930535701 0.011786592961 0.210344322317 
0.999962643443 0.008643594015 0.209684213524 
0.999984872082 0.005500509675 0.209026176305 
0.999997221397 0.002357370993 0.208370204157 
0.999999691266 -0.000785790978 0.207716290601 
0.999992281665 -0.003928945186 0.207064429176 
0.999974992667 -0.007072060579 0.206414613441 
0.999947824443 -0.010215106103 0.205766836978 
0.999910777260 -0.013358050707 0.205121093385 
0.999863851486 -0.016500863341 0.204477376285 
0.999807047584 -0.019643512955 0.203835679317 
0.999740366115 -0.022785968501 0.203195996141 
0.999663807737 -0.025928198934 0.202558320438 
0.999577373208 -0.029070173210 0.201922645907 
0.999481063381 -0.032211860288 0.201288966269 
0.999374879207 -0.035353229130 0.200657275264 
0.999258821736 -0.038494248700 0.200027566650 
0.999132892114 -0.041634887968 0.199399834206 
0.998997091585 -0.044775115905 0.198774071731 
0.998851421491 -0.047914901487 0.198150273042 
0.998695883272 -0.051054213695 0.197528431977 
0.998530478463 -0.054193021515 0.196908542392 
0.998355208699 -0.057331293936 0.196290598162 
0.998170075711 -0.060468999954 0.195674593184 
0.997975081328 -0.063606108570 0.195060521371 
0.997770227478 -0.066742588791 0.194448376656 
0.997555516183 -0.069878409631 0.193838152992 
0.997330949565 -0.073013540109 0.193229844349 
0.997096529843 -0.076147949252 0.192623444719 
0.996852259332 -0.079281606092 0.192018948111 
0.996598140446 -0.082414479673 0.191416348551 
0.996334175695 -0.085546539042 0.190815640088 
0.996060367687 -0.088677753256 0.190216816785 
0.995776719128 -0.091808091380 0.189619872728 
0.995483232819 -0.094937522489 0.189024802018 
0.995179911660 -0.098066015665 0.188431598776 
0.994866758648 -0.101193540001 0.187840257143 
0.994543776876 -0.104320064597 0.187250771275 
0.994210969535 -0.107445558567 0.186663135350 
0.993868339914 -0.110569991031 0.186077343561 
0.993515891397 -0.113693331121 0.185493390121 
0.993153627466 -0.116815547982 0.184911269261 
0.992781551701 -0.119936610766 0.184330975231 
0.992399667777 -0.123056488640 0.183752502296 
0.992007979467 -0.126175150781 0.183175844742 
0.991606490640 -0.129292566377 0.182600996872 
0.991195205264 -0.132408704631 0.182027953006 
0.990774127401 -0.135523534757 0.181456707484 
0.990343261212 -0.138637025981 0.180887254661 
0.989902610952 -0.141749147545 0.180319588912 
0.989452180977 -0.144859868702 0.179753704629 
0.988991975735 -0.147969158720 0.179189596220 
0.988521999773 -0.151076986880 0.178627258114 
0.988042257735 -0.154183322479 0.178066684753 
0.987552754359 -0.157288134829 0.177507870600 
0.987053494482 -0.160391393254 0.176950810135 
0.986544483037 -0.163493067097 0.176395497853 
0.986025725052 -0.166593125715 0.175841928269 
0.985497225652 -0.169691538480 0.175290095913 
0.984958990059 -0.172788274782 0.174739995333 
0.984411023590 -0.175883304027 0.174191621096 
0.983853331658 -0.178976595637 0.173644967783 
0.983285919773 -0.182068119054 0.173100029994 
0.982708793542 -0.185157843732 0.172556802345 
0.982121958665 -0.188245739149 0.172015279468 
0.981525420941 -0.191331774798 0.171475456015 
0.980919186262 -0.194415920189 0.170937326652 
0.980303260619 -0.197498144853 0.170400886062 
0.979677650095 -0.200578418340 0.169866128947 
0.979042360873 -0.203656710217 0.169333050021 
0.978397399228 -0.206732990074 0.168801644020 
0.977742771531 -0.209807227517 0.168271905693 
0.977078484251 -0.212879392175 0.167743829807 
0.976404543951 -0.215949453698 0.167217411144 
0.975720957288 -0.219017381753 0.166692644503 
0.975027731015 -0.222083146032 0.166169524701 
0.974324871982 -0.225146716246 0.165648046569 
0.973612387133 -0.228208062130 0.165128204955 
0.972890283506 -0.231267153438 0.164609994724 
0.972158568236 -0.234323959948 0.164093410755 
0.971417248551 -0.237378451461 0.163578447945 
0.970666331775 -0.240430597800 0.163065101207 
0.969905825327 -0.243480368812 0.162553365469 
0.969135736720 -0.246527734365 0.162043235675 
0.968356073563 -0.249572664355 0.161534706786 
0.967566843558 -0.252615128698 0.161027773777 
0.966768054502 -0.255655097336 0.160522431640 
0.965959714287 -0.258692540237 0.160018675383 
0.965141830899 -0.261727427392 0.159516500028 
0.964314412418 -0.264759728817 0.159015900616 
0.963477467018 -0.267789414556 0.158516872199 
0.962631002969 -0.270816454677 0.158019409848 
0.961775028632 -0.273840819274 0.157523508648 
0.960909552464 -0.276862478467 0.157029163700 
0.960034583016 -0.279881402405 0.156536370120 
0.959150128933 -0.282897561263 0.156045123040 
0.958256198951 -0.285910925241 0.155555417605 
0.957352801902 -0.288921464570 0.155067248979 
0.956439946713 -0.291929149507 0.154580612338 
0.955517642400 -0.294933950338 0.154095502874 
0.954585898076 -0.297935837377 0.153611915796 
0.953644722947 -0.300934780967 0.153129846325 
0.952694126310 -0.303930751480 0.152649289698 
0.951734117556 -0.306923719317 0.152170241169 
0.950764706171 -0.309913654909 0.151692696003 
0.949785901732 -0.312900528717 0.151216649485 
0.948797713908 -0.315884311233 0.150742096909 
0.947800152462 -0.318864972979 0.150269033589 
0.946793227250 -0.321842484506 0.149797454849 
0.945776948220 -0.324816816400 0.149327356033 
0.944751325411 -0.327787939274 0.148858732494 
0.943716368957 -0.330755823776 0.148391579604 
0.942672089083 -0.333720440585 0.147925892746 
0.941618496105 -0.336681760411 0.147461667321 
0.940555600432 -0.339639753999 0.146998898742 
0.939483412565 -0.342594392126 0.146537582437 
0.938401943096 -0.345545645600 0.146077713849 
0.937311202711 -0.348493485265 0.145619288434 
0.936211202185 -0.351437881998 0.145162301663 
0.935101952385 -0.354378806710 0.144706749021 
0.933983464271 -0.357316230346 0.144252626008 
0.932855748892 -0.360250123885 0.143799928138 
0.931718817389 -0.363180458344 0.143348650937 
0.930572680996 -0.366107204770 0.142898789948 
0.929417351034 -0.369030334251 0.142450340726 
0.928252838918 -0.371949817906 0.142003298841 
0.927079156154 -0.374865626892 0.141557659876 
0.925896314335 -0.377777732404 0.141113419428 
0.924704325149 -0.380686105671 0.140670573109 
0.923503200371 -0.383590717959 0.140229116543 
0.922292951868 -0.386491540574 0.139789045370 
0.921073591596 -0.389388544855 0.139350355241 
0.919845131602 -0.392281702183 0.138913041822 
0.918607584023 -0.395170983974 0.138477100793 
0.917360961085 -0.398056361684 0.138042527847 
0.916105275104 -0.400937806806 0.137609318691 
0.914840538485 -0.403815290875 0.137177469045 
0.913566763724 -0.406688785461 0.136746974642 
0.912283963404 -0.409558262176 0.136317831229 
0.910992150199 -0.412423692671 0.135890034567 
0.909691336871 -0.415285048637 0.135463580429 
0.908381536272 -0.418142301806 0.135038464602 
0.907062761342 -0.420995423949 0.134614682887 
0.905735025110 -0.423844386879 0.134192231095 
0.904398340693 -0.426689162450 0.133771105055 
0.903052721296 -0.429529722556 0.133351300604 
0.901698180215 -0.432366039135 0.132932813597 
0.900334730830 -0.435198084166 0.132515639897 
0.898962386612 -0.438025829668 0.132099775385 
0.897581161120 -0.440849247706 0.131685215951 
0.896191067998 -0.443668310386 0.131271957500 
0.894792120980 -0.446482989857 0.130859995948 
0.893384333888 -0.449293258310 0.130449327227 
0.891967720629 -0.452099087983 0.130039947278 
0.890542295199 -0.454900451155 0.129631852058 
0.889108071680 -0.457697320151 0.129225037534 
0.887665064242 -0.460489667337 0.128819499688 
0.886213287140 -0.463277465129 0.128415234512 
0.884752754718 -0.466060685983 0.128012238013 
0.883283481405 -0.468839302403 0.127610506210 
0.881805481716 -0.471613286938 0.127210035134 
0.880318770253 -0.474382612181 0.126810820828 
0.878823361705 -0.477147250775 0.126412859348 
0.877319270844 -0.479907175405 0.126016146763 
0.875806512532 -0.482662358805 0.125620679152 
0.874285101712 -0.485412773755 0.125226452610 
0.872755053416 -0.488158393082 0.124833463242 
0.871216382760 -0.490899189662 0.124441707164 
0.869669104945 -0.493635136416 0.124051180507 
0.868113235257 -0.496366206315 0.123661879412 
0.866548789068 -0.499092372377 0.123273800034 
0.864975781833 -0.501813607670 0.122886938537 
0.863394229093 -0.504529885308 0.122501291101 
0.861804146473 -0.507241178457 0.122116853915 
0.860205549681 -0.509947460331 0.121733623181 
0.858598454512 -0.512648704192 0.121351595114 
0.856982876843 -0.515344883353 0.120970765938 
0.855358832634 -0.518035971179 0.120591131891 
0.853726337930 -0.520721941082 0.120212689224 
0.852085408860 -0.523402766527 0.119835434196 
0.850436061634 -0.526078421028 0.119459363082 
0.848778312549 -0.528748878152 0.119084472164 
0.847112177981 -0.531414111515 0.118710757741 
0.845437674390 -0.534074094786 0.118338216119 
0.843754818321 -0.536728801687 0.117966843619 
0.842063626398 -0.539378205990 0.117596636571 
0.840364115331 -0.542022281520 0.117227591317 
0.838656301908 -0.544661002156 0.116859704212 
0.836940203003 -0.547294341828 0.116492971622 
0.835215835570 -0.549922274520 0.116127389922 
0.833483216644 -0.552544774269 0.115762955502 
0.831742363343 -0.555161815168 0.115399664761 
0.829993292866 -0.557773371360 0.115037514109 
0.828236022492 -0.560379417045 0.114676499970 
0.826470569582 -0.562979926476 0.114316618776 
0.824696951578 -0.565574873962 0.113957866971 
0.822915186003 -0.568164233867 0.113600241012 
0.821125290460 -0.570747980608 0.113243737366 
0.819327282631 -0.573326088659 0.112888352510 
0.817521180280 -0.575898532551 0.112534082933 
0.815707001250 -0.578465286869 0.112180925135 
0.813884763465 -0.581026326254 0.111828875628 
0.812054484927 -0.583581625405 0.111477930933 
0.810216183718 -0.586131159077 0.111128087583 
0.808369878000 -0.588674902082 0.110779342122 
0.806515586014 -0.591212829289 0.110431691104 
0.804653326079 -0.593744915625 0.110085131095 
0.802783116592 -0.596271136074 0.109739658671 
0.800904976031 -0.598791465678 0.109395270418 
0.799018922951 -0.601305879538 0.109051962935 
0.797124975985 -0.603814352812 0.108709732830 
0.795223153843 -0.606316860718 0.108368576721 
0.793313475316 -0.608813378534 0.108028491239 
0.791395959270 -0.611303881593 0.107689473023 
0.789470624648 -0.613788345293 0.107351518724 
0.787537490473 -0.616266745087 0.107014625003 
0.785596575842 -0.618739056490 0.106678788532 
0.783647899930 -0.621205255077 0.106344005993 
0.781691481990 -0.623665316483 0.106010274079 
0.779727341350 -0.626119216405 0.105677589492 
0.777755497414 -0.628566930598 0.105345948945 
0.775775969664 -0.631008434881 0.105015349163 
0.773788777656 -0.633443705134 0.104685786879 
0.771793941022 -0.635872717296 0.104357258837 
0.769791479471 -0.638295447370 0.104029761791 
0.767781412785 -0.640711871422 0.103703292507 
0.765763760824 -0.643121965578 0.103377847758 
0.763738543519 -0.645525706028 0.103053424329 
0.761705780881 -0.647923069024 0.102730019015 
0.759665492990 -0.650314030881 0.102407628622 
0.757617700004 -0.652698567978 0.102086249964 
0.755562422155 -0.655076656757 0.101765879866 
0.753499679747 -0.657448273723 0.101446515163 
0.751429493159 -0.659813395447 0.101128152699 
0.749351882843 -0.662171998562 0.100810789330 
0.747266869325 -0.664524059767 0.100494421920 
0.745174473204 -0.666869555824 0.100179047344 
0.743074715152 -0.669208463561 0.099864662486 
0.740967615914 -0.671540759871 0.099551264240 
0.738853196305 -0.673866421711 0.099238849509 
0.736731477216 -0.676185426107 0.098927415207 
0.734602479608 -0.678497750146 0.098616958258 
0.732466224514 -0.680803370986 0.098307475594 
0.730322733040 -0.683102265846 0.097998964158 
0.728172026363 -0.685394412016 0.097691420901 
0.726014125729 -0.687679786850 0.097384842786 
0.723849052457 -0.689958367771 0.097079226783 
0.721676827939 -0.692230132265 0.096774569874 
0.719497473633 -0.694495057891 0.096470869047 
0.717311011072 -0.696753122271 0.096168121304 
0.715117461855 -0.699004303098 0.095866323653 
0.712916847655 -0.701248578130 0.095565473112 
0.710709190212 -0.703485925196 0.095265566709 
0.708494511336 -0.705716322191 0.094966601482 
0.706272832908 -0.707939747081 0.094668574476 
0.704044176876 -0.710156177899 0.094371482747 
0.701808565258 -0.712365592747 0.094075323360 
0.699566020142 -0.714567969799 0.093780093389 
0.697316563681 -0.716763287296 0.093485789918 
0.695060218101 -0.718951523549 0.093192410039 
0.692797005691 -0.721132656940 0.092899950853 
0.690526948812 -0.723306665920 0.092608409471 
0.688250069890 -0.725473529011 0.092317783013 
0.685966391421 -0.727633224806 0.092028068608 
0.683675935964 -0.729785731968 0.091739263393 
0.681378726150 -0.731931029231 0.091451364515 
0.679074784672 -0.734069095401 0.091164369130 
0.676764134294 -0.736199909355 0.090878274402 
0.674446797842 -0.738323450041 0.090593077505 
0.672122798211 -0.740439696481 0.090308775622 
0.669792158361 -0.742548627767 0.090025365943 
0.667454901317 -0.744650223063 0.089742845669 
0.665111050170 -0.746744461608 0.089461212008 
0.662760628076 -0.748831322710 0.089180462179 
0.660403658257 -0.750910785754 0.088900593407 
0.658040163997 -0.752982830194 0.088621602927 
0.655670168647 -0.755047435560 0.088343487984 
0.653293695621 -0.757104581456 0.088066245829 
0.650910768397 -0.759154247557 0.087789873724 
0.648521410518 -0.761196413614 0.087514368937 
0.646125645589 -0.763231059452 0.087239728749 
0.643723497279 -0.765258164968 0.086965950444 
0.641314989320 -0.767277710137 0.086693031318 
0.638900145507 -0.769289675007 0.086420968675 
0.636478989696 -0.771294039699 0.086149759828 
0.634051545809 -0.773290784413 0.085879402096 
0.631617837826 -0.775279889421 0.085609892808 
0.629177889791 -0.777261335072 0.085341229303 
0.626731725811 -0.779235101790 0.085073408925 
0.624279370051 -0.781201170077 0.084806429030 
0.621820846740 -0.783159520507 0.084540286978 
0.619356180166 -0.785110133733 0.084274980141 
0.616885394679 -0.787052990485 0.084010505899 
0.614408514690 -0.788988071568 0.083746861637 
0.611925564668 -0.790915357864 0.083484044751 
0.609436569144 -0.792834830333 0.083222052645 
0.606941552708 -0.794746470012 0.082960882731 
0.604440540008 -0.796650258014 0.082700532427 
0.601933555755 -0.798546175532 0.082440999163 
0.599420624715 -0.800434203833 0.082182280374 
0.596901771715 -0.802314324267 0.081924373503 
0.594377021640 -0.804186518257 0.081667276004 
0.591846399433 -0.806050767308 0.081410985336 
0.589309930096 -0.807907053002 0.081155498966 
0.586767638686 -0.809755357000 0.080900814372 
0.584219550322 -0.811595661042 0.080646929036 
0.581665690176 -0.813427946946 0.080393840451 
0.579106083479 -0.815252196610 0.080141546116 
0.576540755519 -0.817068392012 0.079890043538 
0.573969731641 -0.818876515209 0.079639330234 
0.571393037244 -0.820676548337 0.079389403725 
0.568810697784 -0.822468473613 0.079140261543 
0.566222738774 -0.824252273333 0.078891901226 
0.563629185782 -0.826027929876 0.078644320322 
0.561030064431 -0.827795425697 0.078397516382 
0.558425400398 -0.829554743336 0.078151486971 
0.555815219416 -0.831305865410 0.077906229656 
0.553199547272 -0.833048774621 0.077661742015 
0.550578409809 -0.834783453749 0.077418021632 
0.547951832920 -0.836509885655 0.077175066100 
0.545319842556 -0.838228053285 0.076932873018 
0.542682464720 -0.839937939663 0.076691439993 
0.540039725466 -0.841639527897 0.076450764641 
0.537391650905 -0.843332801175 0.076210844584 
0.534738267197 -0.845017742770 0.075971677450 
0.532079600556 -0.846694336034 0.075733260878 
0.529415677250 -0.848362564404 0.075495592512 
0.526746523595 -0.850022411399 0.075258670004 
0.524072165962 -0.851673860620 0.075022491013 
0.521392630772 -0.853316895752 0.074787053206 
0.518707944498 -0.854951500563 0.074552354257 
0.516018133662 -0.856577658903 0.074318391848 
0.513323224839 -0.858195354707 0.074085163665 
0.510623244653 -0.859804571993 0.073852667407 
0.507918219778 -0.861405294863 0.073620900775 
0.505208176939 -0.862997507502 0.073389861480 
0.502493142909 -0.864581194180 0.073159547240 
0.499773144511 -0.866156339252 0.072929955778 
0.497048208618 -0.867722927155 0.072701084827 
0.494318362150 -0.869280942412 0.072472932126 
0.491583632078 -0.870830369632 0.072245495421 
0.488844045418 -0.872371193506 0.072018772464 
0.486099629236 -0.873903398813 0.071792761015 
0.483350410647 -0.875426970414 0.071567458843 
0.480596416809 -0.876941893258 0.071342863720 
0.477837674932 -0.878448152377 0.071118973429 
0.475074212271 -0.879945732892 0.070895785757 
0.472306056127 -0.881434620007 0.070673298499 
0.469533233847 -0.882914799011 0.070451509457 
0.466755772827 -0.884386255283 0.070230416440 
0.463973700505 -0.885848974284 0.070010017263 
0.461187044368 -0.887302941564 0.069790309750 
0.458395831945 -0.888748142758 0.069571291730 
0.455600090813 -0.890184563588 0.069352961038 
0.452799848593 -0.891612189864 0.069135315518 
0.449995132948 -0.893031007481 0.068918353020 
0.447185971588 -0.894441002423 0.068702071400 
0.444372392267 -0.895842160758 0.068486468522 
0.441554422780 -0.897234468644 0.068271542254 
0.438732090968 -0.898617912327 0.068057290475 
0.435905424714 -0.899992478138 0.067843711067 
0.433074451944 -0.901358152497 0.067630801920 
0.430239200627 -0.902714921913 0.067418560931 
0.427399698773 -0.904062772980 0.067206986003 
0.424555974435 -0.905401692384 0.066996075046 
0.421708055708 -0.906731666895 0.066785825976 
0.418855970727 -0.908052683376 0.066576236715 
0.415999747670 -0.909364728774 0.066367305194 
0.413139414755 -0.910667790128 0.066159029348 
0.410275000239 -0.911961854563 0.065951407120 
0.407406532423 -0.913246909296 0.065744436457 
0.404534039645 -0.914522941631 0.065538115316 
0.401657550284 -0.915789938960 0.065332441659 
0.398777092757 -0.917047888767 0.065127413452 
0.395892695523 -0.918296778624 0.064923028671 
0.393004387078 -0.919536596193 0.064719285296 
0.390112195956 -0.920767329224 0.064516181315 
0.387216150731 -0.921988965559 0.064313714721 
0.384316280015 -0.923201493129 0.064111883514 
0.381412612456 -0.924404899954 0.063910685699 
0.378505176742 -0.925599174146 0.063710119289 
0.375594001595 -0.926784303905 0.063510182303 
0.372679115778 -0.927960277524 0.063310872764 
0.369760548088 -0.929127083384 0.063112188705 
0.366838327358 -0.930284709958 0.062914128162 
0.363912482458 -0.931433145809 0.062716689179 
0.360983042295 -0.932572379591 0.062519869804 
0.358050035810 -0.933702400049 0.062323668094 
0.355113491979 -0.934823196019 0.062128082110 
0.352173439813 -0.935934756428 0.061933109920 
0.349229908360 -0.937037070295 0.061738749597 
0.346282926699 -0.938130126729 0.061544999221 
0.343332523945 -0.939213914932 0.061351856879 
0.340378729246 -0.940288424196 0.061159320662 
0.337421571785 -0.941353643905 0.060967388667 
0.334461080777 -0.942409563537 0.060776058999 
0.331497285469 -0.943456172658 0.060585329768 
0.328530215143 -0.944493460929 0.060395199089 
0.325559899111 -0.945521418103 0.060205665083 
0.322586366719 -0.946540034022 0.060016725879 
0.319609647343 -0.947549298625 0.059828379609 
0.316629770393 -0.948549201940 0.059640624414 
0.313646765307 -0.949539734088 0.059453458437 
0.310660661556 -0.950520885284 0.059266879830 
0.307671488642 -0.951492645834 0.059080886749 
0.304679276095 -0.952455006138 0.058895477358 
0.301684053478 -0.953407956689 0.058710649823 
0.298685850381 -0.954351488070 0.058526402320 
0.295684696425 -0.955285590962 0.058342733028 
0.292680621260 -0.956210256135 0.058159640133 
0.289673654565 -0.957125474455 0.057977121825 
0.286663826047 -0.958031236879 0.057795176301 
0.283651165441 -0.958927534459 0.057613801764 
0.280635702511 -0.959814358340 0.057432996422 
0.277617467048 -0.960691699761 0.057252758489 
0.274596488870 -0.961559550054 0.057073086184 
0.271572797824 -0.962417900645 0.056893977732 
0.268546423782 -0.963266743054 0.056715431363 
0.265517396642 -0.964106068895 0.056537445314 
0.262485746331 -0.964935869876 0.056360017825 
0.259451502798 -0.965756137799 0.056183147146 
0.256414696022 -0.966566864559 0.056006831526 
0.253375356003 -0.967368042149 0.055831069226 
0.250333512769 -0.968159662651 0.055655858508 
0.247289196372 -0.968941718246 0.055481197642 
0.244242436888 -0.969714201207 0.055307084902 
0.241193264418 -0.970477103903 0.055133518567 
0.238141709084 -0.971230418796 0.054960496924 
0.235087801037 -0.971974138444 0.054788018262 
0.232031570445 -0.972708255499 0.054616080877 
0.228973047504 -0.973432762710 0.054444683072 
0.225912262430 -0.974147652917 0.054273823153 
0.222849245462 -0.974852919059 0.054103499431 
0.219784026860 -0.975548554167 0.053933710224 
0.216716636908 -0.976234551369 0.053764453854 
0.213647105910 -0.976910903888 0.053595728650 
0.210575464191 -0.977577605043 0.053427532944 
0.207501742097 -0.978234648245 0.053259865076 
0.204425969996 -0.978882027004 0.053092723387 
0.201348178273 -0.979519734924 0.052926106227 
0.198268397337 -0.980147765706 0.052760011951 
0.195186657613 -0.980766113143 0.052594438916 
0.192102989548 -0.981374771128 0.052429385488 
0.189017423606 -0.981973733647 0.052264850035 
0.185929990272 -0.982562994783 0.052100830932 
0.182840720048 -0.983142548714 0.051937326558 
0.179749643453 -0.983712389715 0.051774335299 
0.176656791027 -0.984272512155 0.051611855544 
0.173562193324 -0.984822910501 0.051449885688 
0.170465880919 -0.985363579316 0.051288424131 
0.167367884400 -0.985894513258 0.051127469276 
0.164268234375 -0.986415707081 0.050967019536 
0.161166961467 -0.986927155636 0.050807073323 
0.158064096313 -0.987428853871 0.050647629058 
0.154959669570 -0.987920796829 0.050488685166 
0.151853711907 -0.988402979650 0.050330240076 
0.148746254009 -0.988875397570 0.050172292224 
0.145637326576 -0.989338045922 0.050014840048 
0.142526960323 -0.989790920135 0.049857881993 
0.139415185979 -0.990234015735 0.049701416509 
0.136302034287 -0.990667328345 0.049545442049 
0.133187536002 -0.991090853683 0.049389957073 
0.130071721894 -0.991504587566 0.049234960045 
0.126954622746 -0.991908525905 0.049080449432 
0.123836269354 -0.992302664711 0.048926423710 
0.120716692524 -0.992687000089 0.048772881356 
0.117595923077 -0.993061528243 0.048619820852 
0.114473991845 -0.993426245471 0.048467240688 
0.111350929669 -0.993781148172 0.048315139356 
0.108226767405 -0.994126232838 0.048163515352 
0.105101535917 -0.994461496061 0.048012367179 
0.101975266082 -0.994786934528 0.047861693344 
0.098847988785 -0.995102545024 0.047711492358 
0.095719734922 -0.995408324431 0.047561762737 
0.092590535398 -0.995704269728 0.047412503003 
0.089460421128 -0.995990377991 0.047263711679 
0.086329423037 -0.996266646394 0.047115387297 
0.083197572056 -0.996533072208 0.046967528391 
0.080064899127 -0.996789652799 0.046820133500 
0.076931435199 -0.997036385634 0.046673201168 
0.073797211230 -0.997273268274 0.046526729943 
0.070662258182 -0.997500298380 0.046380718379 
0.067526607029 -0.997717473708 0.046235165033 
0.064390288748 -0.997924792114 0.046090068466 
0.061253334325 -0.998122251547 0.045945427246 
0.058115774752 -0.998309850059 0.045801239943 
0.054977641025 -0.998487585795 0.045657505133 
0.051838964148 -0.998655457000 0.045514221396 
0.048699775129 -0.998813462015 0.045371387316 
0.045560104983 -0.998961599279 0.045229001483 
0.042419984726 -0.999099867329 0.045087062489 
0.039279445383 -0.999228264798 0.044945568931 
0.036138517979 -0.999346790418 0.044804519414 
0.032997233545 -0.999455443018 0.044663912542 
0.029855623117 -0.999554221525 0.044523746926 
0.026713717730 -0.999643124963 0.044384021183 
0.023571548426 -0.999722152453 0.044244733931 
0.020429146248 -0.999791303215 0.044105883794 
0.017286542240 -0.999850576565 0.043967469401 
0.014143767451 -0.999899971918 0.043829489384 
0.011000852928 -0.999939488787 0.043691942381 
0.007857829723 -0.999969126779 0.043554827031 
0.004714728886 -0.999988885604 0.043418141981 
0.001571581471 -0.999998765065 0.043281885879 
-0.001571581471 -0.999998765065 0.043146057381 
-0.004714728886 -0.999988885604 0.043010655144 
-0.007857829723 -0.999969126779 0.042875677830 
-0.011000852928 -0.999939488787 0.042741124106 
-0.014143767451 -0.999899971918 0.042606992642 
-0.017286542240 -0.999850576565 0.042473282114 
-0.020429146248 -0.999791303215 0.042339991200 
-0.023571548426 -0.999722152453 0.042207118583 
-0.026713717730 -0.999643124963 0.042074662952 
-0.029855623117 -0.999554221525 0.041942622996 
-0.032997233545 -0.999455443018 0.041810997412 
-0.036138517979 -0.999346790418 0.041679784900 
-0.039279445383 -0.999228264798 0.041548984162 
-0.042419984726 -0.999099867329 0.041418593908 
-0.045560104983 -0.998961599279 0.041288612848 
-0.048699775129 -0.998813462015 0.041159039698 
-0.051838964148 -0.998655457000 0.041029873178 
-0.054977641025 -0.998487585795 0.040901112013 
-0.058115774752 -0.998309850059 0.040772754930 
-0.061253334325 -0.998122251547 0.040644800661 
-0.064390288748 -0.997924792114 0.040517247942 
-0.067526607029 -0.997717473708 0.040390095512 
-0.070662258182 -0.997500298380 0.040263342116 
-0.073797211230 -0.997273268274 0.040136986502 
-0.076931435199 -0.997036385634 0.040011027420 
-0.080064899127 -0.996789652799 0.039885463627 
-0.083197572056 -0.996533072208 0.039760293881 
-0.086329423037 -0.996266646394 0.039635516948 
-0.089460421128 -0.995990377991 0.039511131593 
-0.092590535398 -0.995704269728 0.039387136587 
-0.095719734922 -0.995408324431 0.039263530707 
-0.098847988785 -0.995102545024 0.039140312730 
-0.101975266082 -0.994786934528 0.039017481439 
-0.105101535917 -0.994461496061 0.038895035622 
-0.108226767405 -0.994126232838 0.038772974067 
-0.111350929669 -0.993781148172 0.038651295569 
-0.114473991845 -0.993426245471 0.038529998927 
-0.117595923077 -0.993061528243 0.038409082941 
-0.120716692524 -0.992687000089 0.038288546418 
-0.123836269354 -0.992302664711 0.038168388165 
-0.126954622746 -0.991908525905 0.038048606997 
-0.130071721894 -0.991504587566 0.037929201730 
-0.133187536002 -0.991090853683 0.037810171184 
-0.136302034287 -0.990667328345 0.037691514183 
-0.139415185979 -0.990234015735 0.037573229555 
-0.142526960323 -0.989790920135 0.037455316132 
-0.145637326576 -0.989338045922 0.037337772747 
-0.148746254009 -0.988875397570 0.037220598241 
-0.151853711907 -0.988402979650 0.037103791456 
-0.154959669570 -0.987920796829 0.036987351237 
-0.158064096313 -0.987428853871 0.036871276434 
-0.161166961467 -0.986927155636 0.036755565900 
-0.164268234375 -0.986415707081 0.036640218493 
-0.167367884400 -0.985894513258 0.036525233072 
-0.170465880919 -0.985363579316 0.036410608502 
-0.173562193324 -0.984822910501 0.036296343650 
-0.176656791027 -0.984272512155 0.036182437388 
-0.179749643453 -0.983712389715 0.036068888589 
-0.182840720048 -0.983142548714 0.035955696133 
-0.185929990272 -0.982562994783 0.035842858901 
-0.189017423606 -0.981973733647 0.035730375778 
-0.192102989548 -0.981374771128 0.035618245653 
-0.195186657613 -0.980766113143 0.035506467417 
-0.198268397337 -0.980147765706 0.035395039968 
-0.201348178273 -0.979519734924 0.035283962204 
-0.204425969996 -0.978882027004 0.035173233027 
-0.207501742097 -0.978234648245 0.035062851343 
-0.210575464191 -0.977577605043 0.034952816063 
-0.213647105910 -0.976910903888 0.034843126099 
-0.216716636908 -0.976234551369 0.034733780367 
-0.219784026860 -0.975548554167 0.034624777787 
-0.222849245462 -0.974852919059 0.034516117282 
-0.225912262430 -0.974147652917 0.034407797779 
-0.228973047504 -0.973432762710 0.034299818207 
-0.232031570445 -0.972708255499 0.034192177500 
-0.235087801037 -0.971974138444 0.034084874594 
-0.238141709084 -0.971230418796 0.033977908429 
-0.241193264418 -0.970477103903 0.033871277949 
-0.244242436888 -0.969714201207 0.033764982100 
-0.247289196372 -0.968941718246 0.033659019831 
-0.250333512769 -0.968159662651 0.033553390097 
-0.253375356003 -0.967368042149 0.033448091853 
-0.256414696022 -0.966566864559 0.033343124058 
-0.259451502798 -0.965756137799 0.033238485677 
-0.262485746331 -0.964935869876 0.033134175676 
-0.265517396642 -0.964106068895 0.033030193022 
-0.268546423782 -0.963266743054 0.032926536691 
-0.271572797824 -0.962417900645 0.032823205657 
-0.274596488870 -0.961559550054 0.032720198899 
-0.277617467048 -0.960691699761 0.032617515400 
-0.280635702511 -0.959814358340 0.032515154146 
-0.283651165441 -0.958927534459 0.032413114124 
-0.286663826047 -0.958031236879 0.032311394328 
-0.289673654565 -0.957125474455 0.032209993752 
-0.292680621260 -0.956210256135 0.032108911394 
-0.295684696425 -0.955285590962 0.032008146255 
-0.298685850381 -0.954351488070 0.031907697341 
-0.301684053478 -0.953407956689 0.031807563659 
-0.304679276095 -0.952455006138 0.031707744219 
-0.307671488642 -0.951492645834 0.031608238035 
-0.310660661556 -0.950520885284 0.031509044125 
-0.313646765307 -0.949539734088 0.031410161508 
-0.316629770393 -0.948549201940 0.031311589207 
-0.319609647343 -0.947549298625 0.031213326249 
-0.322586366719 -0.946540034022 0.031115371663 
-0.325559899111 -0.945521418103 0.031017724480 
-0.328530215143 -0.944493460929 0.030920383737 
-0.331497285469 -0.943456172658 0.030823348472 
-0.334461080777 -0.942409563537 0.030726617725 
-0.337421571785 -0.941353643905 0.030630190542 
-0.340378729246 -0.940288424196 0.030534065969 
-0.343332523945 -0.939213914932 0.030438243057 
-0.346282926699 -0.938130126729 0.030342720860 
-0.349229908360 -0.937037070295 0.030247498433 
-0.352173439813 -0.935934756428 0.030152574836 
-0.355113491979 -0.934823196019 0.030057949132 
-0.358050035810 -0.933702400049 0.029963620384 
-0.360983042295 -0.932572379591 0.029869587661 
-0.363912482458 -0.931433145809 0.029775850035 
-0.366838327358 -0.930284709958 0.029682406579 
-0.369760548088 -0.929127083384 0.029589256371 
-0.372679115778 -0.927960277524 0.029496398488 
-0.375594001595 -0.926784303905 0.029403832016 
-0.378505176742 -0.925599174146 0.029311556038 
-0.381412612456 -0.924404899954 0.029219569643 
-0.384316280015 -0.923201493129 0.029127871923 
-0.387216150731 -0.921988965559 0.029036461971 
-0.390112195956 -0.920767329224 0.028945338885 
-0.393004387078 -0.919536596193 0.028854501763 
-0.395892695523 -0.918296778624 0.028763949710 
-0.398777092757 -0.917047888767 0.028673681830 
-0.401657550284 -0.915789938960 0.028583697231 
-0.404534039645 -0.914522941631 0.028493995024 
-0.407406532423 -0.913246909296 0.028404574323 
-0.410275000239 -0.911961854563 0.028315434246 
-0.413139414755 -0.910667790128 0.028226573910 
-0.415999747670 -0.909364728774 0.028137992438 
-0.418855970727 -0.908052683376 0.028049688956 
-0.421708055708 -0.906731666895 0.027961662590 
-0.424555974435 -0.905401692384 0.027873912471 
-0.427399698773 -0.904062772980 0.027786437732 
-0.430239200627 -0.902714921913 0.027699237508 
-0.433074451944 -0.901358152497 0.027612310939 
-0.435905424714 -0.899992478138 0.027525657166 
-0.438732090968 -0.898617912327 0.027439275332 
-0.441554422780 -0.897234468644 0.027353164584 
-0.444372392267 -0.895842160758 0.027267324072 
-0.447185971588 -0.894441002423 0.027181752946 
-0.449995132948 -0.893031007481 0.027096450363 
-0.452799848593 -0.891612189864 0.027011415479 
-0.455600090813 -0.890184563588 0.026926647453 
-0.458395831945 -0.888748142758 0.026842145449 
-0.461187044368 -0.887302941564 0.026757908632 
-0.463973700505 -0.885848974284 0.026673936169 
-0.466755772827 -0.884386255283 0.026590227232 
-0.469533233847 -0.882914799011 0.026506780992 
-0.472306056127 -0.881434620007 0.026423596625 
-0.475074212271 -0.879945732892 0.026340673310 
-0.477837674932 -0.878448152377 0.026258010228 
-0.480596416809 -0.876941893258 0.026175606561 
-0.483350410647 -0.875426970414 0.026093461496 
-0.486099629236 -0.873903398813 0.026011574221 
-0.488844045418 -0.872371193506 0.025929943927 
-0.491583632078 -0.870830369632 0.025848569808 
-0.494318362150 -0.869280942412 0.025767451060 
-0.497048208618 -0.867722927155 0.025686586880 
-0.499773144511 -0.866156339252 0.025605976471 
-0.502493142909 -0.864581194180 0.025525619036 
-0.505208176939 -0.862997507502 0.025445513781 
-0.507918219778 -0.861405294863 0.025365659915 
-0.510623244653 -0.859804571993 0.025286056649 
-0.513323224839 -0.858195354707 0.025206703196 
-0.516018133662 -0.856577658903 0.025127598772 
-0.518707944498 -0.854951500563 0.025048742596 
-0.521392630772 -0.853316895752 0.024970133889 
-0.524072165962 -0.851673860620 0.024891771874 
-0.526746523595 -0.850022411399 0.024813655777 
-0.529415677250 -0.848362564404 0.024735784826 
-0.532079600556 -0.846694336034 0.024658158252 
-0.534738267197 -0.845017742770 0.024580775289 
-0.537391650905 -0.843332801175 0.024503635170 
-0.540039725466 -0.841639527897 0.024426737136 
-0.542682464720 -0.839937939663 0.024350080424 
-0.545319842556 -0.838228053285 0.024273664280 
-0.547951832920 -0.836509885655 0.024197487946 
-0.550578409809 -0.834783453749 0.024121550672 
-0.553199547272 -0.833048774621 0.024045851706 
-0.555815219416 -0.831305865410 0.023970390301 
-0.558425400398 -0.829554743336 0.023895165711 
-0.561030064431 -0.827795425697 0.023820177193 
-0.563629185782 -0.826027929876 0.023745424006 
-0.566222738774 -0.824252273333 0.023670905412 
-0.568810697784 -0.822468473613 0.023596620674 
-0.571393037244 -0.820676548337 0.023522569059 
-0.573969731641 -0.818876515209 0.023448749835 
-0.576540755519 -0.817068392012 0.023375162273 
-0.579106083479 -0.815252196610 0.023301805645 
-0.581665690176 -0.813427946946 0.023228679228 
-0.584219550322 -0.811595661042 0.023155782297 
-0.586767638686 -0.809755357000 0.023083114134 
-0.589309930096 -0.807907053002 0.023010674021 
-0.591846399433 -0.806050767308 0.022938461241 
-0.594377021640 -0.804186518257 0.022866475081 
-0.596901771715 -0.802314324267 0.022794714831 
-0.599420624715 -0.800434203833 0.022723179781 
-0.601933555755 -0.798546175532 0.022651869224 
-0.604440540008 -0.796650258014 0.022580782456 
-0.606941552708 -0.794746470012 0.022509918774 
-0.609436569144 -0.792834830333 0.022439277479 
-0.611925564668 -0.790915357864 0.022368857873 
-0.614408514690 -0.788988071568 0.022298659260 
-0.616885394679 -0.787052990485 0.022228680946 
-0.619356180166 -0.785110133733 0.022158922240 
-0.621820846740 -0.783159520507 0.022089382453 
-0.624279370051 -0.781201170077 0.022020060897 
-0.626731725811 -0.779235101790 0.021950956889 
-0.629177889791 -0.777261335072 0.021882069745 
-0.631617837826 -0.775279889421 0.021813398784 
-0.634051545809 -0.773290784413 0.021744943329 
-0.636478989696 -0.771294039699 0.021676702703 
-0.638900145507 -0.769289675007 0.021608676231 
-0.641314989320 -0.767277710137 0.021540863243 
-0.643723497279 -0.765258164968 0.021473263067 
-0.646125645589 -0.763231059452 0.021405875035 
-0.648521410518 -0.761196413614 0.021338698483 
-0.650910768397 -0.759154247557 0.021271732747 
-0.653293695621 -0.757104581456 0.021204977164 
-0.655670168647 -0.755047435560 0.021138431075 
-0.658040163997 -0.752982830194 0.021072093824 
-0.660403658257 -0.750910785754 0.021005964754 
-0.662760628076 -0.748831322710 0.020940043212 
-0.665111050170 -0.746744461608 0.020874328547 
-0.667454901317 -0.744650223063 0.020808820110 
-0.669792158361 -0.742548627767 0.020743517254 
-0.672122798211 -0.740439696481 0.020678419332 
-0.674446797842 -0.738323450041 0.020613525703 
-0.676764134294 -0.736199909355 0.020548835726 
-0.679074784672 -0.734069095401 0.020484348760 
-0.681378726150 -0.731931029231 0.020420064169 
-0.683675935964 -0.729785731968 0.020355981318 
-0.685966391421 -0.727633224806 0.020292099573 
-0.688250069890 -0.725473529011 0.020228418304 
-0.690526948812 -0.723306665920 0.020164936882 
-0.692797005691 -0.721132656940 0.020101654679 
-0.695060218101 -0.718951523549 0.020038571070 
-0.697316563681 -0.716763287296 0.019975685431 
-0.699566020142 -0.714567969799 0.019912997143 
-0.701808565258 -0.712365592747 0.019850505584 
-0.704044176876 -0.710156177899 0.019788210139 
-0.706272832908 -0.707939747081 0.019726110191 
-0.708494511336 -0.705716322191 0.019664205127 
-0.710709190212 -0.703485925196 0.019602494335 
-0.712916847655 -0.701248578130 0.019540977205 
-0.715117461855 -0.699004303098 0.019479653131 
-0.717311011072 -0.696753122271 0.019418521506 
-0.719497473633 -0.694495057891 0.019357581725 
-0.721676827939 -0.692230132265 0.019296833188 
-0.723849052457 -0.689958367771 0.019236275294 
-0.726014125729 -0.687679786850 0.019175907444 
-0.728172026363 -0.685394412016 0.019115729042 
-0.730322733040 -0.683102265846 0.019055739494 
-0.732466224514 -0.680803370986 0.018995938207 
-0.734602479608 -0.678497750146 0.018936324591 
-0.736731477216 -0.676185426107 0.018876898055 
-0.738853196305 -0.673866421711 0.018817658013 
-0.740967615914 -0.671540759871 0.018758603881 
-0.743074715152 -0.669208463561 0.018699735074 
-0.745174473204 -0.666869555824 0.018641051010 
-0.747266869325 -0.664524059767 0.018582551111 
-0.749351882843 -0.662171998562 0.018524234798 
-0.751429493159 -0.659813395447 0.018466101495 
-0.753499679747 -0.657448273723 0.018408150627 
-0.755562422155 -0.655076656757 0.018350381623 
-0.757617700004 -0.652698567978 0.018292793911 
-0.759665492990 -0.650314030881 0.018235386922 
-0.761705780881 -0.647923069024 0.018178160090 
-0.763738543519 -0.645525706028 0.018121112849 
-0.765763760824 -0.643121965578 0.018064244635 
-0.767781412785 -0.640711871422 0.018007554886 
-0.769791479471 -0.638295447370 0.017951043043 
-0.771793941022 -0.635872717296 0.017894708548 
-0.773788777656 -0.633443705134 0.017838550842 
-0.775775969664 -0.631008434881 0.017782569373 
-0.777755497414 -0.628566930598 0.017726763586 
-0.779727341350 -0.626119216405 0.017671132931 
-0.781691481990 -0.623665316483 0.017615676857 
-0.783647899930 -0.621205255077 0.017560394817 
-0.785596575842 -0.618739056490 0.017505286265 
-0.787537490473 -0.616266745087 0.017450350657 
-0.789470624648 -0.613788345293 0.017395587449 
-0.791395959270 -0.611303881593 0.017340996100 
-0.793313475316 -0.608813378534 0.017286576072 
-0.795223153843 -0.606316860718 0.017232326826 
-0.797124975985 -0.603814352812 0.017178247827 
-0.799018922951 -0.601305879538 0.017124338540 
-0.800904976031 -0.598791465678 0.017070598432 
-0.802783116592 -0.596271136074 0.017017026974 
-0.804653326079 -0.593744915625 0.016963623635 
-0.806515586014 -0.591212829289 0.016910387888 
-0.808369878000 -0.588674902082 0.016857319207 
-0.810216183718 -0.586131159077 0.016804417068 
-0.812054484927 -0.583581625405 0.016751680948 
-0.813884763465 -0.581026326254 0.016699110326 
-0.815707001250 -0.578465286869 0.016646704682 
-0.817521180280 -0.575898532551 0.016594463500 
-0.819327282631 -0.573326088659 0.016542386262 
-0.821125290460 -0.570747980608 0.016490472455 
-0.822915186003 -0.568164233867 0.016438721565 
-0.824696951578 -0.565574873962 0.016387133081 
-0.826470569582 -0.562979926476 0.016335706494 
-0.828236022492 -0.560379417045 0.016284441295 
-0.829993292866 -0.557773371360 0.016233336979 
-0.831742363343 -0.555161815168 0.016182393039 
-0.833483216644 -0.552544774269 0.016131608973 
-0.835215835570 -0.549922274520 0.016080984279 
-0.836940203003 -0.547294341828 0.016030518457 
-0.838656301908 -0.544661002156 0.015980211009 
-0.840364115331 -0.542022281520 0.015930061436 
-0.842063626398 -0.539378205990 0.015880069245 
-0.843754818321 -0.536728801687 0.015830233940 
-0.845437674390 -0.534074094786 0.015780555031 
-0.847112177981 -0.531414111515 0.015731032025 
-0.848778312549 -0.528748878152 0.015681664433 
-0.850436061634 -0.526078421028 0.015632451769 
-0.852085408860 -0.523402766527 0.015583393545 
-0.853726337930 -0.520721941082 0.015534489277 
-0.855358832634 -0.518035971179 0.015485738482 
-0.856982876843 -0.515344883353 0.015437140678 
-0.858598454512 -0.512648704192 0.015388695385 
-0.860205549681 -0.509947460331 0.015340402125 
-0.861804146473 -0.507241178457 0.015292260420 
-0.863394229093 -0.504529885308 0.015244269794 
-0.864975781833 -0.501813607670 0.015196429775 
-0.866548789068 -0.499092372377 0.015148739888 
-0.868113235257 -0.496366206315 0.015101199663 
-0.869669104945 -0.493635136416 0.015053808630 
-0.871216382760 -0.490899189662 0.015006566321 
-0.872755053416 -0.488158393082 0.014959472270 
-0.874285101712 -0.485412773755 0.014912526010 
-0.875806512532 -0.482662358805 0.014865727079 
-0.877319270844 -0.479907175405 0.014819075013 
-0.878823361705 -0.477147250775 0.014772569352 
-0.880318770253 -0.474382612181 0.014726209637 
-0.881805481716 -0.471613286938 0.014679995409 
-0.883283481405 -0.468839302403 0.014633926212 
-0.884752754718 -0.466060685983 0.014588001590 
-0.886213287140 -0.463277465129 0.014542221091 
-0.887665064242 -0.460489667337 0.014496584261 
-0.889108071680 -0.457697320151 0.014451090650 
-0.890542295199 -0.454900451155 0.014405739809 
-0.891967720629 -0.452099087983 0.014360531289 
-0.893384333888 -0.449293258310 0.014315464644 
-0.894792120980 -0.446482989857 0.014270539428 
-0.896191067998 -0.443668310386 0.014225755198 
-0.897581161120 -0.440849247706 0.014181111511 
-0.898962386612 -0.438025829668 0.014136607926 
-0.900334730830 -0.435198084166 0.014092244003 
-0.901698180215 -0.432366039135 0.014048019305 
-0.903052721296 -0.429529722556 0.014003933394 
-0.904398340693 -0.426689162450 0.013959985835 
-0.905735025110 -0.423844386879 0.013916176193 
-0.907062761342 -0.420995423949 0.013872504036 
-0.908381536272 -0.418142301806 0.013828968933 
-0.909691336871 -0.415285048637 0.013785570452 
-0.910992150199 -0.412423692671 0.013742308166 
-0.912283963404 -0.409558262176 0.013699181647 
-0.913566763724 -0.406688785461 0.013656190469 
-0.914840538485 -0.403815290875 0.013613334207 
-0.916105275104 -0.400937806806 0.013570612437 
-0.917360961085 -0.398056361684 0.013528024739 
-0.918607584023 -0.395170983974 0.013485570690 
-0.919845131602 -0.392281702183 0.013443249872 
-0.921073591596 -0.389388544855 0.013401061867 
-0.922292951868 -0.386491540574 0.013359006257 
-0.923503200371 -0.383590717959 0.013317082627 
-0.924704325149 -0.380686105671 0.013275290563 
-0.925896314335 -0.377777732404 0.013233629652 
-0.927079156154 -0.374865626892 0.013192099483 
-0.928252838918 -0.371949817906 0.013150699645 
-0.929417351034 -0.369030334251 0.013109429730 
-0.930572680996 -0.366107204770 0.013068289328 
-0.931718817389 -0.363180458344 0.013027278035 
-0.932855748892 -0.360250123885 0.012986395445 
-0.933983464271 -0.357316230346 0.012945641153 
-0.935101952385 -0.354378806710 0.012905014758 
-0.936211202185 -0.351437881998 0.012864515858 
-0.937311202711 -0.348493485265 0.012824144053 
-0.938401943096 -0.345545645600 0.012783898943 
-0.939483412565 -0.342594392126 0.012743780132 
-0.940555600432 -0.339639753999 0.012703787223 
-0.941618496105 -0.336681760411 0.012663919822 
-0.942672089083 -0.333720440585 0.012624177533 
-0.943716368957 -0.330755823776 0.012584559964 
-0.944751325411 -0.327787939274 0.012545066725 
-0.945776948220 -0.324816816400 0.012505697424 
-0.946793227250 -0.321842484506 0.012466451674 
-0.947800152462 -0.318864972979 0.012427329085 
-0.948797713908 -0.315884311233 0.012388329272 
-0.949785901732 -0.312900528717 0.012349451850 
-0.950764706171 -0.309913654909 0.012310696434 
-0.951734117556 -0.306923719317 0.012272062641 
-0.952694126310 -0.303930751480 0.012233550090 
-0.953644722947 -0.300934780967 0.012195158400 
-0.954585898076 -0.297935837377 0.012156887192 
-0.955517642400 -0.294933950338 0.012118736088 
-0.956439946713 -0.291929149507 0.012080704711 
-0.957352801902 -0.288921464570 0.012042792685 
-0.958256198951 -0.285910925241 0.012004999636 
-0.959150128933 -0.282897561263 0.011967325190 
-0.960034583016 -0.279881402405 0.011929768975 
-0.960909552464 -0.276862478467 0.011892330620 
-0.961775028632 -0.273840819274 0.011855009755 
-0.962631002969 -0.270816454677 0.011817806012 
-0.963477467018 -0.267789414556 0.011780719023 
-0.964314412418 -0.264759728817 0.011743748421 
-0.965141830899 -0.261727427392 0.011706893841 
-0.965959714287 -0.258692540237 0.011670154919 
-0.966768054502 -0.255655097336 0.011633531293 
-0.967566843558 -0.252615128698 0.011597022600 
-0.968356073563 -0.249572664355 0.011560628480 
-0.969135736720 -0.246527734365 0.011524348572 
-0.969905825327 -0.243480368812 0.011488182520 
-0.970666331775 -0.240430597800 0.011452129965 
-0.971417248551 -0.237378451461 0.011416190551 
-0.972158568236 -0.234323959948 0.011380363923 
-0.972890283506 -0.231267153438 0.011344649727 
-0.973612387133 -0.228208062130 0.011309047611 
-0.974324871982 -0.225146716246 0.011273557222 
-0.975027731015 -0.222083146032 0.011238178210 
-0.975720957288 -0.219017381753 0.011202910226 
-0.976404543951 -0.215949453698 0.011167752921 
-0.977078484251 -0.212879392175 0.011132705947 
-0.977742771531 -0.209807227517 0.011097768959 
-0.978397399228 -0.206732990074 0.011062941611 
-0.979042360873 -0.203656710217 0.011028223560 
-0.979677650095 -0.200578418340 0.010993614462 
-0.980303260619 -0.197498144853 0.010959113974 
-0.980919186262 -0.194415920189 0.010924721758 
-0.981525420941 -0.191331774798 0.010890437472 
-0.982121958665 -0.188245739149 0.010856260778 
-0.982708793542 -0.185157843732 0.010822191338 
-0.983285919773 -0.182068119054 0.010788228816 
-0.983853331658 -0.178976595637 0.010754372877 
-0.984411023590 -0.175883304027 0.010720623185 
-0.984958990059 -0.172788274782 0.010686979407 
-0.985497225652 -0.169691538480 0.010653441211 
-0.986025725052 -0.166593125715 0.010620008266 
-0.986544483037 -0.163493067097 0.010586680241 
-0.987053494482 -0.160391393254 0.010553456807 
-0.987552754359 -0.157288134829 0.010520337636 
-0.988042257735 -0.154183322479 0.010487322400 
-0.988521999773 -0.151076986880 0.010454410774 
-0.988991975735 -0.147969158720 0.010421602432 
-0.989452180977 -0.144859868702 0.010388897050 
-0.989902610952 -0.141749147545 0.010356294305 
-0.990343261212 -0.138637025981 0.010323793875 
-0.990774127401 -0.135523534757 0.010291395439 
-0.991195205264 -0.132408704631 0.010259098676 
-0.991606490640 -0.129292566377 0.010226903268 
-0.992007979467 -0.126175150781 0.010194808897 
-0.992399667777 -0.123056488640 0.010162815245 
-0.992781551701 -0.119936610766 0.010130921997 
-0.993153627466 -0.116815547982 0.010099128837 
-0.993515891397 -0.113693331121 0.010067435451 
-0.993868339914 -0.110569991031 0.010035841527 
-0.994210969535 -0.107445558567 0.010004346751 
-0.994543776876 -0.104320064597 0.009972950813 
-0.994866758648 -0.101193540001 0.009941653403 
-0.995179911660 -0.098066015665 0.009910454212 
-0.995483232819 -0.094937522489 0.009879352930 
-0.995776719128 -0.091808091380 0.009848349252 
-0.996060367687 -0.088677753256 0.009817442870 
-0.996334175695 -0.085546539042 0.009786633480 
-0.996598140446 -0.082414479673 0.009755920776 
-0.996852259332 -0.079281606092 0.009725304456 
-0.997096529843 -0.076147949252 0.009694784217 
-0.997330949565 -0.073013540109 0.009664359758 
-0.997555516183 -0.069878409631 0.009634030777 
-0.997770227478 -0.066742588791 0.009603796976 
-0.997975081328 -0.063606108570 0.009573658055 
-0.998170075711 -0.060468999954 0.009543613718 
-0.998355208699 -0.057331293936 0.009513663666 
-0.998530478463 -0.054193021515 0.009483807604 
-0.998695883272 -0.051054213695 0.009454045238 
-0.998851421491 -0.047914901487 0.009424376273 
-0.998997091585 -0.044775115905 0.009394800416 
-0.999132892114 -0.041634887968 0.009365317374 
-0.999258821736 -0.038494248700 0.009335926857 
-0.999374879207 -0.035353229130 0.009306628575 
-0.999481063381 -0.032211860288 0.009277422237 
-0.999577373208 -0.029070173210 0.009248307555 
-0.999663807737 -0.025928198934 0.009219284242 
-0.999740366115 -0.022785968501 0.009190352011 
-0.999807047584 -0.019643512955 0.009161510575 
-0.999863851486 -0.016500863341 0.009132759651 
-0.999910777260 -0.013358050707 0.009104098954 
-0.999947824443 -0.010215106103 0.009075528200 
-0.999974992667 -0.007072060579 0.009047047109 
-0.999992281665 -0.003928945186 0.009018655397 
-0.999999691266 -0.000785790978 0.008990352785 
-0.999997221397 0.002357370993 0.008962138993 
-0.999984872082 0.005500509675 0.008934013743 
-0.999962643443 0.008643594015 0.008905976756 
-0.999930535701 0.011786592961 0.008878027755 
-0.999888549171 0.014929475461 0.008850166465 
-0.999836684268 0.018072210466 0.008822392610 
-0.999774941506 0.021214766927 0.008794705916 
-0.999703321495 0.024357113797 0.008767106109 
-0.999621824941 0.027499220032 0.008739592917 
-0.999530452649 0.030641054589 0.008712166067 
-0.999429205524 0.033782586428 0.008684825289 
-0.999318084564 0.036923784513 0.008657570312 
-0.999197090868 0.040064617811 0.008630400868 
-0.999066225631 0.043205055292 0.008603316688 
-0.998925490146 0.046345065929 0.008576317505 
-0.998774885804 0.049484618701 0.008549403051 
-0.998614414091 0.052623682592 0.008522573060 
-0.998444076594 0.055762226588 0.008495827269 
-0.998263874996 0.058900219683 0.008469165412 
-0.998073811076 0.062037630874 0.008442587226 
-0.997873886713 0.065174429167 0.008416092448 
-0.997664103881 0.068310583570 0.008389680817 
-0.997444464653 0.071446063101 0.008363352072 
-0.997214971200 0.074580836783 0.008337105952 
-0.996975625788 0.077714873645 0.008310942199 
-0.996726430781 0.080848142725 0.008284860553 
-0.996467388643 0.083980613068 0.008258860758 
-0.996198501932 0.087112253726 0.008232942556 
-0.995919773304 0.090243033762 0.008207105692 
-0.995631205513 0.093372922244 0.008181349909 
-0.995332801411 0.096501888251 0.008155674954 
-0.995024563944 0.099629900869 0.008130080573 
-0.994706496160 0.102756929197 0.008104566513 
-0.994378601198 0.105882942341 0.008079132522 
-0.994040882300 0.109007909417 0.008053778349 
-0.993693342802 0.112131799552 0.008028503743 
-0.993335986137 0.115254581884 0.008003308454 
-0.992968815836 0.118376225561 0.007978192234 
-0.992591835525 0.121496699744 0.007953154834 
-0.992205048930 0.124615973603 0.007928196008 
-0.991808459872 0.127734016322 0.007903315508 
-0.991402072269 0.130850797096 0.007878513089 
-0.990985890135 0.133966285134 0.007853788505 
-0.990559917583 0.137080449655 0.007829141513 
-0.990124158821 0.140193259893 0.007804571869 
-0.989678618153 0.143304685096 0.007780079330 
-0.989223299982 0.146414694524 0.007755663654 
-0.988758208806 0.149523257452 0.007731324601 
-0.988283349219 0.152630343168 0.007707061928 
-0.987798725914 0.155735920978 0.007682875398 
-0.987304343677 0.158839960198 0.007658764771 
-0.986800207394 0.161942430164 0.007634729808 
-0.986286322044 0.165043300224 0.007610770272 
-0.985762692705 0.168142539742 0.007586885927 
-0.985229324550 0.171240118101 0.007563076537 
-0.984686222848 0.174336004698 0.007539341865 
-0.984133392964 0.177430168947 0.007515681679 
-0.983570840361 0.180522580279 0.007492095744 
-0.982998570597 0.183613208143 0.007468583827 
-0.982416589324 0.186702022006 0.007445145695 
-0.981824902293 0.189788991351 0.007421781118 
-0.981223515349 0.192874085680 0.007398489865 
-0.980612434433 0.195957274515 0.007375271704 
-0.979991665583 0.199038527396 0.007352126408 
-0.979361214931 0.202117813881 0.007329053747 
-0.978721088707 0.205195103548 0.007306053493 
-0.978071293234 0.208270365996 0.007283125419 
-0.977411834931 0.211343570842 0.007260269299 
-0.976742720315 0.214414687725 0.007237484906 
-0.976063955995 0.217483686303 0.007214772016 
-0.975375548677 0.220550536258 0.007192130405 
-0.974677505162 0.223615207289 0.007169559848 
-0.973969832347 0.226677669120 0.007147060122 
-0.973252537223 0.229737891495 0.007124631006 
-0.972525626877 0.232795844181 0.007102272278 
-0.971789108490 0.235851496966 0.007079983716 
-0.971042989338 0.238904819663 0.007057765101 
-0.970287276793 0.241955782106 0.007035616214 
-0.969521978320 0.245004354153 0.007013536834 
-0.968747101481 0.248050505686 0.006991526745 
-0.967962653932 0.251094206611 0.006969585728 
-0.967168643421 0.254135426858 0.006947713567 
-0.966365077793 0.257174136380 0.006925910046 
-0.965551964987 0.260210305157 0.006904174950 
-0.964729313036 0.263243903194 0.006882508063 
-0.963897130068 0.266274900519 0.006860909172 
-0.963055424304 0.269303267189 0.006839378064 
-0.962204204060 0.272328973284 0.006817914525 
-0.961343477745 0.275351988912 0.006796518343 
-0.960473253862 0.278372284208 0.006775189308 
-0.959593541010 0.281389829332 0.006753927207 
-0.958704347879 0.284404594473 0.006732731833 
-0.957805683254 0.287416549846 0.006711602974 
-0.956897556014 0.290425665696 0.006690540422 
-0.955979975129 0.293431912292 0.006669543970 
-0.955052949666 0.296435259936 0.006648613409 
-0.954116488783 0.299435678956 0.006627748533 
-0.953170601732 0.302433139709 0.006606949136 
-0.952215297857 0.305427612581 0.006586215012 
-0.951250586596 0.308419067990 0.006565545957 
-0.950276477481 0.311407476381 0.006544941766 
-0.949292980135 0.314392808230 0.006524402236 
-0.948300104274 0.317375034044 0.006503927163 
-0.947297859707 0.320354124359 0.006483516346 
-0.946286256337 0.323330049745 0.006463169582 
-0.945265304157 0.326302780800 0.006442886672 
-0.944235013253 0.329272288155 0.006422667414 
-0.943195393805 0.332238542473 0.006402511608 
-0.942146456083 0.335201514450 0.006382419057 
-0.941088210451 0.338161174812 0.006362389560 
-0.940020667362 0.341117494320 0.006342422920 
-0.938943837365 0.344070443767 0.006322518940 
-0.937857731097 0.347019993979 0.006302677424 
-0.936762359289 0.349966115817 0.006282898175 
-0.935657732762 0.352908780173 0.006263180997 
-0.934543862429 0.355847957977 0.006243525697 
-0.933420759295 0.358783620190 0.006223932079 
-0.932288434456 0.361715737810 0.006204399951 
-0.931146899098 0.364644281869 0.006184929119 
-0.929996164500 0.367569223434 0.006165519391 
-0.928836242028 0.370490533610 0.006146170575 
-0.927667143145 0.373408183534 0.006126882480 
-0.926488879398 0.376322144381 0.006107654916 
-0.925301462429 0.379232387365 0.006088487692 
-0.924104903969 0.382138883732 0.006069380619 
-0.922899215840 0.385041604768 0.006050333509 
-0.921684409952 0.387940521796 0.006031346173 
-0.920460498308 0.390835606175 0.006012418423 
-0.919227492999 0.393726829305 0.005993550073 
-0.917985406206 0.396614162621 0.005974740937 
-0.916734250202 0.399497577599 0.005955990828 
-0.915474037345 0.402377045750 0.005937299560 
-0.914204780088 0.405252538628 0.005918666951 
-0.912926490968 0.408124027825 0.005900092815 
-0.911639182616 0.410991484971 0.005881576968 
-0.910342867749 0.413854881738 0.005863119229 
-0.909037559174 0.416714189837 0.005844719414 
-0.907723269786 0.419569381018 0.005826377342 
-0.906400012571 0.422420427076 0.005808092832 
-0.905067800601 0.425267299842 0.005789865703 
-0.903726647038 0.428109971191 0.005771695775 
-0.902376565132 0.430948413039 0.005753582868 
-0.901017568220 0.433782597344 0.005735526803 
-0.899649669730 0.436612496105 0.005717527403 
-0.898272883174 0.439438081365 0.005699584489 
-0.896887222156 0.442259325208 0.005681697884 
-0.895492700364 0.445076199761 0.005663867411 
-0.894089331577 0.447888677197 0.005646092894 
-0.892677129657 0.450696729728 0.005628374158 
-0.891256108558 0.453500329613 0.005610711027 
-0.889826282317 0.456299449153 0.005593103327 
-0.888387665062 0.459094060695 0.005575550885 
-0.886940271005 0.461884136630 0.005558053525 
-0.885484114444 0.464669649393 0.005540611077 
-0.884019209768 0.467450571464 0.005523223367 
-0.882545571447 0.470226875370 0.005505890223 
-0.881063214040 0.472998533682 0.005488611475 
-0.879572152193 0.475765519018 0.005471386952 
-0.878072400637 0.478527804041 0.005454216483 
-0.876563974188 0.481285361461 0.005437099899 
-0.875046887748 0.484038164035 0.005420037031 
-0.873521156306 0.486786184568 0.005403027710 
-0.871986794935 0.489529395909 0.005386071768 
-0.870443818794 0.492267770957 0.005369169038 
-0.868892243126 0.495001282660 0.005352319352 
-0.867332083261 0.497729904010 0.005335522545 
-0.865763354612 0.500453608051 0.005318778450 
-0.864186072676 0.503172367874 0.005302086902 
-0.862600253038 0.505886156619 0.005285447735 
-0.861005911363 0.508594947476 0.005268860786 
-0.859403063404 0.511298713682 0.005252325891 
-0.857791724994 0.513997428526 0.005235842886 
-0.856171912055 0.516691065346 0.005219411609 
-0.854543640588 0.519379597531 0.005203031896 
-0.852906926679 0.522062998519 0.005186703587 
-0.851261786500 0.524741241799 0.005170426520 
-0.849608236302 0.527414300912 0.005154200534 
-0.847946292423 0.530082149450 0.005138025469 
-0.846275971281 0.532744761056 0.005121901165 
-0.844597289378 0.535402109423 0.005105827463 
-0.842910263299 0.538054168300 0.005089804204 
-0.841214909710 0.540700911486 0.005073831229 
-0.839511245361 0.543342312831 0.005057908382 
-0.837799287083 0.545978346240 0.005042035503 
-0.836079051790 0.548608985670 0.005026212438 
-0.834350556476 0.551234205133 0.005010439029 
-0.832613818218 0.553853978692 0.004994715121 
-0.830868854173 0.556468280466 0.004979040558 
-0.829115681583 0.559077084626 0.004963415185 
-0.827354317766 0.561680365399 0.004947838848 
-0.825584780124 0.564278097066 0.004932311393 
-0.823807086139 0.566870253962 0.004916832667 
-0.822021253374 0.569456810479 0.004901402517 
-0.820227299472 0.572037741063 0.004886020790 
-0.818425242157 0.574613020215 0.004870687335 
-0.816615099231 0.577182622493 0.004855402000 
-0.814796888578 0.579746522511 0.004840164633 
-0.812970628161 0.582304694938 0.004824975085 
-0.811136336023 0.584857114502 0.004809833205 
-0.809294030285 0.587403755985 0.004794738844 
-0.807443729148 0.589944594229 0.004779691852 
-0.805585450892 0.592479604131 0.004764692081 
-0.803719213876 0.595008760647 0.004749739383 
-0.801845036538 0.597532038789 0.004734833610 
-0.799962937393 0.600049413630 0.004719974615 
-0.798072935036 0.602560860298 0.004705162250 
-0.796175048138 0.605066353983 0.004690396371 
-0.794269295451 0.607565869930 0.004675676830 
-0.792355695801 0.610059383447 0.004661003482 
-0.790434268094 0.612546869899 0.004646376182 
-0.788505031313 0.615028304710 0.004631794787 
-0.786568004518 0.617503663365 0.004617259151 
-0.784623206845 0.619972921410 0.004602769131 
-0.782670657507 0.622436054448 0.004588324585 
-0.780710375797 0.624893038146 0.004573925368 
-0.778742381078 0.627343848230 0.004559571340 
-0.776766692796 0.629788460488 0.004545262358 
-0.774783330467 0.632226850767 0.004530998281 
-0.772792313687 0.634658994977 0.004516778968 
-0.770793662127 0.637084869091 0.004502604278 
-0.768787395531 0.639504449143 0.004488474072 
-0.766773533720 0.641917711227 0.004474388209 
-0.764752096591 0.644324631502 0.004460346551 
-0.762723104113 0.646725186189 0.004446348959 
-0.760686576334 0.649119351572 0.004432395295 
-0.758642533371 0.651507103998 0.004418485421 
-0.756590995420 0.653888419877 0.004404619199 
-0.754531982749 0.656263275682 0.004390796492 
-0.752465515699 0.658631647952 0.004377017164 
-0.750391614685 0.660993513289 0.004363281079 
-0.748310300198 0.663348848357 0.004349588101 
-0.746221592800 0.665697629889 0.004335938095 
-0.744125513125 0.668039834678 0.004322330925 
-0.742022081882 0.670375439586 0.004308766458 
-0.739911319852 0.672704421537 0.004295244559 
-0.737793247887 0.675026757523 0.004281765095 
-0.735667886914 0.677342424600 0.004268327933 
-0.733535257930 0.679651399891 0.004254932940 
-0.731395382003 0.681953660584 0.004241579983 
-0.729248280276 0.684249183934 0.004228268931 
-0.727093973959 0.686537947263 0.004214999652 
-0.724932484337 0.688819927958 0.004201772015 
-0.722763832764 0.691095103475 0.004188585889 
-0.720588040665 0.693363451337 0.004175441145 
-0.718405129536 0.695624949133 0.004162337652 
-0.716215120943 0.697879574521 0.004149275280 
-0.714018036521 0.700127305226 0.004136253901 
-0.711813897977 0.702368119042 0.004123273387 
-0.709602727087 0.704601993831 0.004110333608 
-0.707384545696 0.706828907524 0.004097434437 
-0.705159375718 0.709048838119 0.004084575747 
-0.702927239136 0.711261763685 0.004071757410 
-0.700688158004 0.713467662360 0.004058979300 
-0.698442154442 0.715666512349 0.004046241291 
-0.696189250639 0.717858291931 0.004033543256 
-0.693929468854 0.720042979451 0.004020885071 
-0.691662831410 0.722220553326 0.004008266610 
-0.689389360702 0.724390992041 0.003995687749 
-0.687109079190 0.726554274156 0.003983148363 
-0.684822009403 0.728710378297 0.003970648329 
-0.682528173935 0.730859283163 0.003958187522 
-0.680227595448 0.733000967524 0.003945765821 
-0.677920296670 0.735135410222 0.003933383102 
-0.675606300397 0.737262590169 0.003921039242 
-0.673285629490 0.739382486351 0.003908734120 
-0.670958306876 0.741495077822 0.003896467615 
-0.668624355546 0.743600343713 0.003884239605 
-0.666283798560 0.745698263224 0.003872049969 
-0.663936659042 0.747788815629 0.003859898587 
-0.661582960179 0.749871980275 0.003847785338 
-0.659222725224 0.751947736580 0.003835710104 
-0.656855977496 0.754016064038 0.003823672765 
-0.654482740378 0.756076942214 0.003811673202 
-0.652103037314 0.758130350748 0.003799711296 
-0.649716891816 0.760176269354 0.003787786929 
-0.647324327457 0.762214677819 0.003775899984 
-0.644925367875 0.764245556003 0.003764050342 
-0.642520036770 0.766268883845 0.003752237888 
-0.640108357905 0.768284641353 0.003740462504 
-0.637690355107 0.770292808614 0.003728724073 
-0.635266052265 0.772293365788 0.003717022481 
-0.632835473328 0.774286293110 0.003705357611 
-0.630398642310 0.776271570891 0.003693729347 
-0.627955583285 0.778249179518 0.003682137576 
-0.625506320390 0.780219099453 0.003670582183 
-0.623050877822 0.782181311235 0.003659063053 
-0.620589279840 0.784135795477 0.003647580073 
-0.618121550762 0.786082532870 0.003636133129 
-0.615647714969 0.788021504182 0.003624722108 
-0.613167796901 0.789952690256 0.003613346898 
-0.610681821058 0.791876072014 0.003602007385 
-0.608189812001 0.793791630454 0.003590703459 
-0.605691794348 0.795699346650 0.003579435007 
-0.603187792779 0.797599201756 0.003568201918 
-0.600677832033 0.799491177002 0.003557004080 
-0.598161936906 0.801375253696 0.003545841385 
-0.595640132255 0.803251413225 0.003534713720 
-0.593112442992 0.805119637053 0.003523620977 
-0.590578894091 0.806979906723 0.003512563045 
-0.588039510581 0.808832203856 0.003501539815 
-0.585494317551 0.810676510154 0.003490551179 
-0.582943340146 0.812512807394 0.003479597028 
-0.580386603567 0.814341077436 0.003468677253 
-0.577824133075 0.816161302217 0.003457791747 
-0.575255953984 0.817973463754 0.003446940403 
-0.572682091667 0.819777544145 0.003436123112 
-0.570102571553 0.821573525564 0.003425339769 
-0.567517419126 0.823361390271 0.003414590266 
-0.564926659926 0.825141120600 0.003403874497 
-0.562330319548 0.826912698970 0.003393192357 
-0.559728423642 0.828676107877 0.003382543740 
-0.557120997915 0.830431329902 0.003371928541 
-0.554508068125 0.832178347702 0.003361346655 
-0.551889660088 0.833917144018 0.003350797977 
-0.549265799672 0.835647701673 0.003340282404 
-0.546636512799 0.837370003568 0.003329799830 
-0.544001825445 0.839084032688 0.003319350154 
-0.541361763640 0.840789772101 0.003308933271 
-0.538716353465 0.842487204953 0.003298549078 
-0.536065621057 0.844176314475 0.003288197473 
-0.533409592603 0.845857083980 0.003277878355 
-0.530748294342 0.847529496863 0.003267591620 
-0.528081752569 0.849193536600 0.003257337167 
-0.525409993626 0.850849186753 0.003247114894 
-0.522733043908 0.852496430964 0.003236924702 
-0.520050929864 0.854135252959 0.003226766489 
-0.517363677990 0.855765636548 0.003216640155 
-0.514671314836 0.857387565623 0.003206545599 
-0.511973867000 0.859001024161 0.003196482723 
-0.509271361132 0.860605996220 0.003186451426 
-0.506563823932 0.862202465946 0.003176451609 
-0.503851282147 0.863790417566 0.003166483175 
-0.501133762577 0.865369835391 0.003156546023 
-0.498411292070 0.866940703818 0.003146640057 
-0.495683897522 0.868503007328 0.003136765178 
-0.492951605877 0.870056730485 0.003126921288 
-0.490214444131 0.871601857941 0.003117108291 
-0.487472439324 0.873138374428 0.003107326089 
-0.484725618546 0.874666264769 0.003097574586 
-0.481974008934 0.876185513868 0.003087853686 
-0.479217637673 0.877696106715 0.003078163292 
-0.476456531994 0.879198028387 0.003068503308 
-0.473690719176 0.880691264046 0.003058873640 
-0.470920226543 0.882175798939 0.003049274192 
-0.468145081466 0.883651618399 0.003039704870 
-0.465365311362 0.885118707847 0.003030165578 
-0.462580943694 0.886577052789 0.003020656222 
-0.459792005970 0.888026638816 0.003011176709 
-0.456998525743 0.889467451607 0.003001726945 
-0.454200530611 0.890899476929 0.002992306836 
-0.451398048217 0.892322700633 0.002982916290 
-0.448591106249 0.893737108659 0.002973555214 
-0.445779732436 0.895142687033 0.002964223515 
-0.442963954555 0.896539421869 0.002954921101 
-0.440143800423 0.897927299367 0.002945647880 
-0.437319297902 0.899306305817 0.002936403760 
-0.434490474897 0.900676427594 0.002927188651 
-0.431657359354 0.902037651163 0.002918002460 
-0.428819979265 0.903389963074 0.002908845098 
-0.425978362660 0.904733349969 0.002899716475 
-0.423132537613 0.906067798574 0.002890616498 
-0.420282532239 0.907393295707 0.002881545080 
-0.417428374696 0.908709828272 0.002872502130 
-0.414570093179 0.910017383263 0.002863487558 
-0.411707715929 0.911315947761 0.002854501277 
-0.408841271224 0.912605508938 0.002845543196 
-0.405970787382 0.913886054053 0.002836613228 
-0.403096292762 0.915157570455 0.002827711284 
-0.400217815763 0.916420045583 0.002818837277 
-0.397335384823 0.917673466963 0.002809991118 
-0.394449028419 0.918917822212 0.002801172720 
-0.391558775066 0.920153099038 0.002792381997 
-0.388664653319 0.921379285235 0.002783618861 
-0.385766691770 0.922596368691 0.002774883226 
-0.382864919049 0.923804337380 0.002766175005 
-0.379959363824 0.925003179369 0.002757494112 
-0.377050054801 0.926192882814 0.002748840463 
-0.374137020722 0.927373435961 0.002740213970 
-0.371220290366 0.928544827147 0.002731614549 
-0.368299892549 0.929707044799 0.002723042115 
-0.365375856123 0.930860077435 0.002714496584 
-0.362448209977 0.932003913664 0.002705977870 
-0.359516983033 0.933138542185 0.002697485890 
-0.356582204250 0.934263951789 0.002689020560 
-0.353643902623 0.935380131357 0.002680581796 
-0.350702107181 0.936487069862 0.002672169514 
-0.347756846986 0.937584756368 0.002663783633 
-0.344808151137 0.938673180031 0.002655424068 
-0.341856048765 0.939752330097 0.002647090737 
-0.338900569036 0.940822195905 0.002638783559 
-0.335941741147 0.941882766885 0.002630502450 
-0.332979594331 0.942934032560 0.002622247329 
-0.330014157852 0.943975982543 0.002614018115 
-0.327045461007 0.945008606540 0.002605814725 
-0.324073533125 0.946031894350 0.002597637080 
-0.321098403567 0.947045835864 0.002589485099 
-0.318120101726 0.948050421063 0.002581358700 
-0.315138657026 0.949045640024 0.002573257803 
-0.312154098922 0.950031482913 0.002565182329 
-0.309166456900 0.951007939992 0.002557132198 
-0.306175760476 0.951975001614 0.002549107330 
-0.303182039197 0.952932658223 0.002541107646 
-0.300185322639 0.953880900360 0.002533133066 
-0.297185640408 0.954819718657 0.002525183513 
-0.294183022140 0.955749103837 0.002517258907 
-0.291177497498 0.956669046719 0.002509359170 
-0.288169096176 0.957579538216 0.002501484225 
-0.285157847895 0.958480569330 0.002493633993 
-0.282143782405 0.959372131162 0.002485808397 
-0.279126929483 0.960254214902 0.002478007359 
-0.276107318933 0.961126811837 0.002470230803 
-0.273084980589 0.961989913344 0.002462478651 
-0.270059944309 0.962843510899 0.002454750828 
-0.267032239980 0.963687596066 0.002447047256 
-0.264001897512 0.964522160508 0.002439367860 
-0.260968946844 0.965347195978 0.002431712563 
-0.257933417941 0.966162694327 0.002424081291 
-0.254895340792 0.966968647497 0.002416473967 
-0.251854745410 0.967765047527 0.002408890516 
-0.248811661837 0.968551886547 0.002401330865 
-0.245766120135 0.969329156785 0.002393794937 
-0.242718150394 0.970096850561 0.002386282659 
-0.239667782725 0.970854960292 0.002378793956 
-0.236615047265 0.971603478487 0.002371328754 
-0.233559974172 0.972342397751 0.002363886980 
-0.230502593631 0.973071710785 0.002356468559 
-0.227442935844 0.973791410382 0.002349073420 
-0.224381031042 0.974501489434 0.002341701488 
-0.221316909473 0.975201940924 0.002334352691 
-0.218250601410 0.975892757932 0.002327026956 
-0.215182137145 0.976573933634 0.002319724211 
-0.212111546995 0.977245461300 0.002312444384 
-0.209038861294 0.977907334296 0.002305187402 
-0.205964110399 0.978559546082 0.002297953195 
-0.202887324687 0.979202090215 0.002290741690 
-0.199808534555 0.979834960347 0.002283552816 
-0.196727770421 0.980458150226 0.002276386503 
-0.193645062719 0.981071653695 0.002269242679 
-0.190560441907 0.981675464693 0.002262121275 
-0.187473938457 0.982269577254 0.002255022219 
-0.184385582864 0.982853985510 0.002247945441 
-0.181295405638 0.983428683685 0.002240890872 
-0.178203437310 0.983993666103 0.002233858442 
-0.175109708425 0.984548927182 0.002226848081 
-0.172014249548 0.985094461436 0.002219859720 
-0.168917091261 0.985630263476 0.002212893291 
-0.165818264163 0.986156328008 0.002205948723 
-0.162717798867 0.986672649835 0.002199025949 
-0.159615726005 0.987179223855 0.002192124901 
-0.156512076224 0.987676045065 0.002185245510 
-0.153406880186 0.988163108556 0.002178387707 
-0.150300168569 0.988640409516 0.002171551426 
-0.147191972065 0.989107943229 0.002164736599 
-0.144082321382 0.989565705077 0.002157943159 
-0.140971247242 0.990013690537 0.002151171037 
-0.137858780380 0.990451895183 0.002144420169 
-0.134744951545 0.990880314686 0.002137690486 
-0.131629791502 0.991298944814 0.002130981922 
-0.128513331026 0.991707781430 0.002124294411 
-0.125395600906 0.992106820495 0.002117627887 
-0.122276631943 0.992496058068 0.002110982285 
-0.119156454951 0.992875490303 0.002104357538 
-0.116035100757 0.993245113450 0.002097753580 
-0.112912600196 0.993604923859 0.002091170348 
-0.109788984119 0.993954917975 0.002084607775 
-0.106664283385 0.994295092339 0.002078065797 
-0.103538528863 0.994625443592 0.002071544349 
-0.100411751436 0.994945968469 0.002065043367 
-0.097283981993 0.995256663805 0.002058562787 
-0.094155251435 0.995557526528 0.002052102544 
-0.091025590674 0.995848553668 0.002045662575 
-0.087895030627 0.996129742348 0.002039242816 
-0.084763602224 0.996401089792 0.002032843204 
-0.081631336401 0.996662593317 0.002026463675 
-0.078498264104 0.996914250341 0.002020104167 
-0.075364416285 0.997156058377 0.002013764616 
-0.072229823905 0.997388015037 0.002007444960 
-0.069094517933 0.997610118028 0.002001145137 
-0.065958529343 0.997822365157 0.001994865084 
-0.062821889117 0.998024754326 0.001988604739 
-0.059684628245 0.998217283537 0.001982364040 
-0.056546777720 0.998399950886 0.001976142927 
-0.053408368542 0.998572754570 0.001969941336 
-0.050269431718 0.998735692881 0.001963759208 
-0.047129998259 0.998888764210 0.001957596481 
-0.043990099179 0.999031967043 0.001951453093 
-0.040849765501 0.999165299967 0.001945328985 
-0.037709028249 0.999288761664 0.001939224096 
-0.034567918451 0.999402350915 0.001933138366 
-0.031426467141 0.999506066596 0.001927071733 
-0.028284705353 0.999599907685 0.001921024140 
-0.025142664128 0.999683873252 0.001914995525 
-0.022000374506 0.999757962470 0.001908985829 
-0.018857867532 0.999822174605 0.001902994993 
-0.015715174253 0.999876509024 0.001897022958 
-0.012572325715 0.999920965190 0.001891069664 
-0.009429352970 0.999955542663 0.001885135053 
-0.006286287068 0.999980241102 0.001879219066 
-0.003143159060 0.999995060263 0.001873321645 
-0.000000000000 1.000000000000 0.001867442732 
