           0  0.00000e+00
      0.0005  3.14316e-03
       0.001  6.28629e-03
      0.0015  9.42935e-03
       0.002  1.25723e-02
      0.0025  1.57152e-02
       0.003  1.88579e-02
      0.0035  2.20004e-02
       0.004  2.51427e-02
      0.0045  2.82847e-02
       0.005  3.14265e-02
      0.0055  3.45679e-02
       0.006  3.77090e-02
      0.0065  4.08498e-02
       0.007  4.39901e-02
      0.0075  4.71300e-02
       0.008  5.02694e-02
      0.0085  5.34084e-02
       0.009  5.65468e-02
      0.0095  5.96846e-02
        0.01  6.28219e-02
      0.0105  6.59585e-02
       0.011  6.90945e-02
      0.0115  7.22298e-02
       0.012  7.53644e-02
      0.0125  7.84983e-02
       0.013  8.16313e-02
      0.0135  8.47636e-02
       0.014  8.78950e-02
      0.0145  9.10256e-02
       0.015  9.41553e-02
      0.0155  9.72840e-02
       0.016  1.00412e-01
      0.0165  1.03539e-01
       0.017  1.06664e-01
      0.0175  1.09789e-01
       0.018  1.12913e-01
      0.0185  1.16035e-01
       0.019  1.19156e-01
      0.0195  1.22277e-01
        0.02  1.25396e-01
      0.0205  1.28513e-01
       0.021  1.31630e-01
      0.0215  1.34745e-01
       0.022  1.37859e-01
      0.0225  1.40971e-01
       0.023  1.44082e-01
      0.0235  1.47192e-01
       0.024  1.50300e-01
      0.0245  1.53407e-01
       0.025  1.56512e-01
      0.0255  1.59616e-01
       0.026  1.62718e-01
      0.0265  1.65818e-01
       0.027  1.68917e-01
      0.0275  1.72014e-01
       0.028  1.75110e-01
      0.0285  1.78203e-01
       0.029  1.81295e-01
      0.0295  1.84386e-01
        0.03  1.87474e-01
      0.0305  1.90560e-01
       0.031  1.93645e-01
      0.0315  1.96728e-01
       0.032  1.99809e-01
      0.0325  2.02887e-01
       0.033  2.05964e-01
      0.0335  2.09039e-01
       0.034  2.12112e-01
      0.0345  2.15182e-01
       0.035  2.18251e-01
      0.0355  2.21317e-01
       0.036  2.24381e-01
      0.0365  2.27443e-01
       0.037  2.30503e-01
      0.0375  2.33560e-01
       0.038  2.36615e-01
      0.0385  2.39668e-01
       0.039  2.42718e-01
      0.0395  2.45766e-01
        0.04  2.48812e-01
      0.0405  2.51855e-01
       0.041  2.54895e-01
      0.0415  2.57933e-01
       0.042  2.60969e-01
      0.0425  2.64002e-01
       0.043  2.67032e-01
      0.0435  2.70060e-01
       0.044  2.73085e-01
      0.0445  2.76107e-01
       0.045  2.79127e-01
      0.0455  2.82144e-01
       0.046  2.85158e-01
      0.0465  2.88169e-01
       0.047  2.91177e-01
      0.0475  2.94183e-01
       0.048  2.97186e-01
      0.0485  3.00185e-01
       0.049  3.03182e-01
      0.0495  3.06176e-01
        0.05  3.09166e-01
      0.0505  3.12154e-01
       0.051  3.15139e-01
      0.0515  3.18120e-01
       0.052  3.21098e-01
      0.0525  3.24074e-01
       0.053  3.27045e-01
      0.0535  3.30014e-01
       0.054  3.32980e-01
      0.0545  3.35942e-01
       0.055  3.38901e-01
      0.0555  3.41856e-01
       0.056  3.44808e-01
      0.0565  3.47757e-01
       0.057  3.50702e-01
      0.0575  3.53644e-01
       0.058  3.56582e-01
      0.0585  3.59517e-01
       0.059  3.62448e-01
      0.0595  3.65376e-01
        0.06  3.68300e-01
      0.0605  3.71220e-01
       0.061  3.74137e-01
      0.0615  3.77050e-01
       0.062  3.79959e-01
      0.0625  3.82865e-01
       0.063  3.85767e-01
      0.0635  3.88665e-01
       0.064  3.91559e-01
      0.0645  3.94449e-01
       0.065  3.97335e-01
      0.0655  4.00218e-01
       0.066  4.03096e-01
      0.0665  4.05971e-01
       0.067  4.08841e-01
      0.0675  4.11708e-01
       0.068  4.14570e-01
      0.0685  4.17428e-01
       0.069  4.20283e-01
      0.0695  4.23133e-01
        0.07  4.25978e-01
      0.0705  4.28820e-01
       0.071  4.31657e-01
      0.0715  4.34490e-01
       0.072  4.37319e-01
      0.0725  4.40144e-01
       0.073  4.42964e-01
      0.0735  4.45780e-01
       0.074  4.48591e-01
      0.0745  4.51398e-01
       0.075  4.54201e-01
      0.0755  4.56999e-01
       0.076  4.59792e-01
      0.0765  4.62581e-01
       0.077  4.65365e-01
      0.0775  4.68145e-01
       0.078  4.70920e-01
      0.0785  4.73691e-01
       0.079  4.76457e-01
      0.0795  4.79218e-01
        0.08  4.81974e-01
      0.0805  4.84726e-01
       0.081  4.87472e-01
      0.0815  4.90214e-01
       0.082  4.92952e-01
      0.0825  4.95684e-01
       0.083  4.98411e-01
      0.0835  5.01134e-01
       0.084  5.03851e-01
      0.0845  5.06564e-01
       0.085  5.09271e-01
      0.0855  5.11974e-01
       0.086  5.14671e-01
      0.0865  5.17364e-01
       0.087  5.20051e-01
      0.0875  5.22733e-01
       0.088  5.25410e-01
      0.0885  5.28082e-01
       0.089  5.30748e-01
      0.0895  5.33410e-01
        0.09  5.36066e-01
      0.0905  5.38716e-01
       0.091  5.41362e-01
      0.0915  5.44002e-01
       0.092  5.46637e-01
      0.0925  5.49266e-01
       0.093  5.51890e-01
      0.0935  5.54508e-01
       0.094  5.57121e-01
      0.0945  5.59728e-01
       0.095  5.62330e-01
      0.0955  5.64927e-01
       0.096  5.67517e-01
      0.0965  5.70103e-01
       0.097  5.72682e-01
      0.0975  5.75256e-01
       0.098  5.77824e-01
      0.0985  5.80387e-01
       0.099  5.82943e-01
      0.0995  5.85494e-01
         0.1  5.88040e-01
      0.1005  5.90579e-01
       0.101  5.93112e-01
      0.1015  5.95640e-01
       0.102  5.98162e-01
      0.1025  6.00678e-01
       0.103  6.03188e-01
      0.1035  6.05692e-01
       0.104  6.08190e-01
      0.1045  6.10682e-01
       0.105  6.13168e-01
      0.1055  6.15648e-01
       0.106  6.18122e-01
      0.1065  6.20589e-01
       0.107  6.23051e-01
      0.1075  6.25506e-01
       0.108  6.27956e-01
      0.1085  6.30399e-01
       0.109  6.32835e-01
      0.1095  6.35266e-01
        0.11  6.37690e-01
      0.1105  6.40108e-01
       0.111  6.42520e-01
      0.1115  6.44925e-01
       0.112  6.47324e-01
      0.1125  6.49717e-01
       0.113  6.52103e-01
      0.1135  6.54483e-01
       0.114  6.56856e-01
      0.1145  6.59223e-01
       0.115  6.61583e-01
      0.1155  6.63937e-01
       0.116  6.66284e-01
      0.1165  6.68624e-01
       0.117  6.70958e-01
      0.1175  6.73286e-01
       0.118  6.75606e-01
      0.1185  6.77920e-01
       0.119  6.80228e-01
      0.1195  6.82528e-01
        0.12  6.84822e-01
      0.1205  6.87109e-01
       0.121  6.89389e-01
      0.1215  6.91663e-01
       0.122  6.93929e-01
      0.1225  6.96189e-01
       0.123  6.98442e-01
      0.1235  7.00688e-01
       0.124  7.02927e-01
      0.1245  7.05159e-01
       0.125  7.07385e-01
      0.1255  7.09603e-01
       0.126  7.11814e-01
      0.1265  7.14018e-01
       0.127  7.16215e-01
      0.1275  7.18405e-01
       0.128  7.20588e-01
      0.1285  7.22764e-01
       0.129  7.24932e-01
      0.1295  7.27094e-01
        0.13  7.29248e-01
      0.1305  7.31395e-01
       0.131  7.33535e-01
      0.1315  7.35668e-01
       0.132  7.37793e-01
      0.1325  7.39911e-01
       0.133  7.42022e-01
      0.1335  7.44126e-01
       0.134  7.46222e-01
      0.1345  7.48310e-01
       0.135  7.50392e-01
      0.1355  7.52466e-01
       0.136  7.54532e-01
      0.1365  7.56591e-01
       0.137  7.58643e-01
      0.1375  7.60687e-01
       0.138  7.62723e-01
      0.1385  7.64752e-01
       0.139  7.66774e-01
      0.1395  7.68787e-01
        0.14  7.70794e-01
      0.1405  7.72792e-01
       0.141  7.74783e-01
      0.1415  7.76767e-01
       0.142  7.78742e-01
      0.1425  7.80710e-01
       0.143  7.82671e-01
      0.1435  7.84623e-01
       0.144  7.86568e-01
      0.1445  7.88505e-01
       0.145  7.90434e-01
      0.1455  7.92356e-01
       0.146  7.94269e-01
      0.1465  7.96175e-01
       0.147  7.98073e-01
      0.1475  7.99963e-01
       0.148  8.01845e-01
      0.1485  8.03719e-01
       0.149  8.05585e-01
      0.1495  8.07444e-01
        0.15  8.09294e-01
      0.1505  8.11136e-01
       0.151  8.12971e-01
      0.1515  8.14797e-01
       0.152  8.16615e-01
      0.1525  8.18425e-01
       0.153  8.20227e-01
      0.1535  8.22021e-01
       0.154  8.23807e-01
      0.1545  8.25585e-01
       0.155  8.27354e-01
      0.1555  8.29116e-01
       0.156  8.30869e-01
      0.1565  8.32614e-01
       0.157  8.34351e-01
      0.1575  8.36079e-01
       0.158  8.37799e-01
      0.1585  8.39511e-01
       0.159  8.41215e-01
      0.1595  8.42910e-01
        0.16  8.44597e-01
      0.1605  8.46276e-01
       0.161  8.47946e-01
      0.1615  8.49608e-01
       0.162  8.51262e-01
      0.1625  8.52907e-01
       0.163  8.54544e-01
      0.1635  8.56172e-01
       0.164  8.57792e-01
      0.1645  8.59403e-01
       0.165  8.61006e-01
      0.1655  8.62600e-01
       0.166  8.64186e-01
      0.1665  8.65763e-01
       0.167  8.67332e-01
      0.1675  8.68892e-01
       0.168  8.70444e-01
      0.1685  8.71987e-01
       0.169  8.73521e-01
      0.1695  8.75047e-01
        0.17  8.76564e-01
      0.1705  8.78072e-01
       0.171  8.79572e-01
      0.1715  8.81063e-01
       0.172  8.82546e-01
      0.1725  8.84019e-01
       0.173  8.85484e-01
      0.1735  8.86940e-01
       0.174  8.88388e-01
      0.1745  8.89826e-01
       0.175  8.91256e-01
      0.1755  8.92677e-01
       0.176  8.94089e-01
      0.1765  8.95493e-01
       0.177  8.96887e-01
      0.1775  8.98273e-01
       0.178  8.99650e-01
      0.1785  9.01018e-01
       0.179  9.02377e-01
      0.1795  9.03727e-01
        0.18  9.05068e-01
      0.1805  9.06400e-01
       0.181  9.07723e-01
      0.1815  9.09038e-01
       0.182  9.10343e-01
      0.1825  9.11639e-01
       0.183  9.12926e-01
      0.1835  9.14205e-01
       0.184  9.15474e-01
      0.1845  9.16734e-01
       0.185  9.17985e-01
      0.1855  9.19227e-01
       0.186  9.20460e-01
      0.1865  9.21684e-01
       0.187  9.22899e-01
      0.1875  9.24105e-01
       0.188  9.25301e-01
      0.1885  9.26489e-01
       0.189  9.27667e-01
      0.1895  9.28836e-01
        0.19  9.29996e-01
      0.1905  9.31147e-01
       0.191  9.32288e-01
      0.1915  9.33421e-01
       0.192  9.34544e-01
      0.1925  9.35658e-01
       0.193  9.36762e-01
      0.1935  9.37858e-01
       0.194  9.38944e-01
      0.1945  9.40021e-01
       0.195  9.41088e-01
      0.1955  9.42146e-01
       0.196  9.43195e-01
      0.1965  9.44235e-01
       0.197  9.45265e-01
      0.1975  9.46286e-01
       0.198  9.47298e-01
      0.1985  9.48300e-01
       0.199  9.49293e-01
      0.1995  9.50276e-01
         0.2  9.51251e-01
      0.2005  9.52215e-01
       0.201  9.53171e-01
      0.2015  9.54116e-01
       0.202  9.55053e-01
      0.2025  9.55980e-01
       0.203  9.56898e-01
      0.2035  9.57806e-01
       0.204  9.58704e-01
      0.2045  9.59594e-01
       0.205  9.60473e-01
      0.2055  9.61343e-01
       0.206  9.62204e-01
      0.2065  9.63055e-01
       0.207  9.63897e-01
      0.2075  9.64729e-01
       0.208  9.65552e-01
      0.2085  9.66365e-01
       0.209  9.67169e-01
      0.2095  9.67963e-01
        0.21  9.68747e-01
      0.2105  9.69522e-01
       0.211  9.70287e-01
      0.2115  9.71043e-01
       0.212  9.71789e-01
      0.2125  9.72526e-01
       0.213  9.73253e-01
      0.2135  9.73970e-01
       0.214  9.74678e-01
      0.2145  9.75376e-01
       0.215  9.76064e-01
      0.2155  9.76743e-01
       0.216  9.77412e-01
      0.2165  9.78071e-01
       0.217  9.78721e-01
      0.2175  9.79361e-01
       0.218  9.79992e-01
      0.2185  9.80612e-01
       0.219  9.81224e-01
      0.2195  9.81825e-01
        0.22  9.82417e-01
      0.2205  9.82999e-01
       0.221  9.83571e-01
      0.2215  9.84133e-01
       0.222  9.84686e-01
      0.2225  9.85229e-01
       0.223  9.85763e-01
      0.2235  9.86286e-01
       0.224  9.86800e-01
      0.2245  9.87304e-01
       0.225  9.87799e-01
      0.2255  9.88283e-01
       0.226  9.88758e-01
      0.2265  9.89223e-01
       0.227  9.89679e-01
      0.2275  9.90124e-01
       0.228  9.90560e-01
      0.2285  9.90986e-01
       0.229  9.91402e-01
      0.2295  9.91808e-01
        0.23  9.92205e-01
      0.2305  9.92592e-01
       0.231  9.92969e-01
      0.2315  9.93336e-01
       0.232  9.93693e-01
      0.2325  9.94041e-01
       0.233  9.94379e-01
      0.2335  9.94706e-01
       0.234  9.95025e-01
      0.2345  9.95333e-01
       0.235  9.95631e-01
      0.2355  9.95920e-01
       0.236  9.96199e-01
      0.2365  9.96467e-01
       0.237  9.96726e-01
      0.2375  9.96976e-01
       0.238  9.97215e-01
      0.2385  9.97444e-01
       0.239  9.97664e-01
      0.2395  9.97874e-01
        0.24  9.98074e-01
      0.2405  9.98264e-01
       0.241  9.98444e-01
      0.2415  9.98614e-01
       0.242  9.98775e-01
      0.2425  9.98925e-01
       0.243  9.99066e-01
      0.2435  9.99197e-01
       0.244  9.99318e-01
      0.2445  9.99429e-01
       0.245  9.99530e-01
      0.2455  9.99622e-01
       0.246  9.99703e-01
      0.2465  9.99775e-01
       0.247  9.99837e-01
      0.2475  9.99889e-01
       0.248  9.99931e-01
      0.2485  9.99963e-01
       0.249  9.99985e-01
      0.2495  9.99997e-01
        0.25  1.00000e+00
      0.2505  9.99992e-01
       0.251  9.99975e-01
      0.2515  9.99948e-01
       0.252  9.99911e-01
      0.2525  9.99864e-01
       0.253  9.99807e-01
      0.2535  9.99740e-01
       0.254  9.99664e-01
      0.2545  9.99577e-01
       0.255  9.99481e-01
      0.2555  9.99375e-01
       0.256  9.99259e-01
      0.2565  9.99133e-01
       0.257  9.98997e-01
      0.2575  9.98851e-01
       0.258  9.98696e-01
      0.2585  9.98530e-01
       0.259  9.98355e-01
      0.2595  9.98170e-01
        0.26  9.97975e-01
      0.2605  9.97770e-01
       0.261  9.97556e-01
      0.2615  9.97331e-01
       0.262  9.97097e-01
      0.2625  9.96852e-01
       0.263  9.96598e-01
      0.2635  9.96334e-01
       0.264  9.96060e-01
      0.2645  9.95777e-01
       0.265  9.95483e-01
      0.2655  9.95180e-01
       0.266  9.94867e-01
      0.2665  9.94544e-01
       0.267  9.94211e-01
      0.2675  9.93868e-01
       0.268  9.93516e-01
      0.2685  9.93154e-01
       0.269  9.92782e-01
      0.2695  9.92400e-01
        0.27  9.92008e-01
      0.2705  9.91606e-01
       0.271  9.91195e-01
      0.2715  9.90774e-01
       0.272  9.90343e-01
      0.2725  9.89903e-01
       0.273  9.89452e-01
      0.2735  9.88992e-01
       0.274  9.88522e-01
      0.2745  9.88042e-01
       0.275  9.87553e-01
      0.2755  9.87053e-01
       0.276  9.86544e-01
      0.2765  9.86026e-01
       0.277  9.85497e-01
      0.2775  9.84959e-01
       0.278  9.84411e-01
      0.2785  9.83853e-01
       0.279  9.83286e-01
      0.2795  9.82709e-01
        0.28  9.82122e-01
      0.2805  9.81525e-01
       0.281  9.80919e-01
      0.2815  9.80303e-01
       0.282  9.79678e-01
      0.2825  9.79042e-01
       0.283  9.78397e-01
      0.2835  9.77743e-01
       0.284  9.77078e-01
      0.2845  9.76405e-01
       0.285  9.75721e-01
      0.2855  9.75028e-01
       0.286  9.74325e-01
      0.2865  9.73612e-01
       0.287  9.72890e-01
      0.2875  9.72159e-01
       0.288  9.71417e-01
      0.2885  9.70666e-01
       0.289  9.69906e-01
      0.2895  9.69136e-01
        0.29  9.68356e-01
      0.2905  9.67567e-01
       0.291  9.66768e-01
      0.2915  9.65960e-01
       0.292  9.65142e-01
      0.2925  9.64314e-01
       0.293  9.63477e-01
      0.2935  9.62631e-01
       0.294  9.61775e-01
      0.2945  9.60910e-01
       0.295  9.60035e-01
      0.2955  9.59150e-01
       0.296  9.58256e-01
      0.2965  9.57353e-01
       0.297  9.56440e-01
      0.2975  9.55518e-01
       0.298  9.54586e-01
      0.2985  9.53645e-01
       0.299  9.52694e-01
      0.2995  9.51734e-01
         0.3  9.50765e-01
      0.3005  9.49786e-01
       0.301  9.48798e-01
      0.3015  9.47800e-01
       0.302  9.46793e-01
      0.3025  9.45777e-01
       0.303  9.44751e-01
      0.3035  9.43716e-01
       0.304  9.42672e-01
      0.3045  9.41618e-01
       0.305  9.40556e-01
      0.3055  9.39483e-01
       0.306  9.38402e-01
      0.3065  9.37311e-01
       0.307  9.36211e-01
      0.3075  9.35102e-01
       0.308  9.33983e-01
      0.3085  9.32856e-01
       0.309  9.31719e-01
      0.3095  9.30573e-01
        0.31  9.29417e-01
      0.3105  9.28253e-01
       0.311  9.27079e-01
      0.3115  9.25896e-01
       0.312  9.24704e-01
      0.3125  9.23503e-01
       0.313  9.22293e-01
      0.3135  9.21074e-01
       0.314  9.19845e-01
      0.3145  9.18608e-01
       0.315  9.17361e-01
      0.3155  9.16105e-01
       0.316  9.14841e-01
      0.3165  9.13567e-01
       0.317  9.12284e-01
      0.3175  9.10992e-01
       0.318  9.09691e-01
      0.3185  9.08382e-01
       0.319  9.07063e-01
      0.3195  9.05735e-01
        0.32  9.04398e-01
      0.3205  9.03053e-01
       0.321  9.01698e-01
      0.3215  9.00335e-01
       0.322  8.98962e-01
      0.3225  8.97581e-01
       0.323  8.96191e-01
      0.3235  8.94792e-01
       0.324  8.93384e-01
      0.3245  8.91968e-01
       0.325  8.90542e-01
      0.3255  8.89108e-01
       0.326  8.87665e-01
      0.3265  8.86213e-01
       0.327  8.84753e-01
      0.3275  8.83283e-01
       0.328  8.81805e-01
      0.3285  8.80319e-01
       0.329  8.78823e-01
      0.3295  8.77319e-01
        0.33  8.75807e-01
      0.3305  8.74285e-01
       0.331  8.72755e-01
      0.3315  8.71216e-01
       0.332  8.69669e-01
      0.3325  8.68113e-01
       0.333  8.66549e-01
      0.3335  8.64976e-01
       0.334  8.63394e-01
      0.3345  8.61804e-01
       0.335  8.60206e-01
      0.3355  8.58598e-01
       0.336  8.56983e-01
      0.3365  8.55359e-01
       0.337  8.53726e-01
      0.3375  8.52085e-01
       0.338  8.50436e-01
      0.3385  8.48778e-01
       0.339  8.47112e-01
      0.3395  8.45438e-01
        0.34  8.43755e-01
      0.3405  8.42064e-01
       0.341  8.40364e-01
      0.3415  8.38656e-01
       0.342  8.36940e-01
      0.3425  8.35216e-01
       0.343  8.33483e-01
      0.3435  8.31742e-01
       0.344  8.29993e-01
      0.3445  8.28236e-01
       0.345  8.26471e-01
      0.3455  8.24697e-01
       0.346  8.22915e-01
      0.3465  8.21125e-01
       0.347  8.19327e-01
      0.3475  8.17521e-01
       0.348  8.15707e-01
      0.3485  8.13885e-01
       0.349  8.12054e-01
      0.3495  8.10216e-01
        0.35  8.08370e-01
      0.3505  8.06516e-01
       0.351  8.04653e-01
      0.3515  8.02783e-01
       0.352  8.00905e-01
      0.3525  7.99019e-01
       0.353  7.97125e-01
      0.3535  7.95223e-01
       0.354  7.93313e-01
      0.3545  7.91396e-01
       0.355  7.89471e-01
      0.3555  7.87537e-01
       0.356  7.85597e-01
      0.3565  7.83648e-01
       0.357  7.81691e-01
      0.3575  7.79727e-01
       0.358  7.77755e-01
      0.3585  7.75776e-01
       0.359  7.73789e-01
      0.3595  7.71794e-01
        0.36  7.69791e-01
      0.3605  7.67781e-01
       0.361  7.65764e-01
      0.3615  7.63739e-01
       0.362  7.61706e-01
      0.3625  7.59665e-01
       0.363  7.57618e-01
      0.3635  7.55562e-01
       0.364  7.53500e-01
      0.3645  7.51429e-01
       0.365  7.49352e-01
      0.3655  7.47267e-01
       0.366  7.45174e-01
      0.3665  7.43075e-01
       0.367  7.40968e-01
      0.3675  7.38853e-01
       0.368  7.36731e-01
      0.3685  7.34602e-01
       0.369  7.32466e-01
      0.3695  7.30323e-01
        0.37  7.28172e-01
      0.3705  7.26014e-01
       0.371  7.23849e-01
      0.3715  7.21677e-01
       0.372  7.19497e-01
      0.3725  7.17311e-01
       0.373  7.15117e-01
      0.3735  7.12917e-01
       0.374  7.10709e-01
      0.3745  7.08495e-01
       0.375  7.06273e-01
      0.3755  7.04044e-01
       0.376  7.01809e-01
      0.3765  6.99566e-01
       0.377  6.97317e-01
      0.3775  6.95060e-01
       0.378  6.92797e-01
      0.3785  6.90527e-01
       0.379  6.88250e-01
      0.3795  6.85966e-01
        0.38  6.83676e-01
      0.3805  6.81379e-01
       0.381  6.79075e-01
      0.3815  6.76764e-01
       0.382  6.74447e-01
      0.3825  6.72123e-01
       0.383  6.69792e-01
      0.3835  6.67455e-01
       0.384  6.65111e-01
      0.3845  6.62761e-01
       0.385  6.60404e-01
      0.3855  6.58040e-01
       0.386  6.55670e-01
      0.3865  6.53294e-01
       0.387  6.50911e-01
      0.3875  6.48521e-01
       0.388  6.46126e-01
      0.3885  6.43723e-01
       0.389  6.41315e-01
      0.3895  6.38900e-01
        0.39  6.36479e-01
      0.3905  6.34052e-01
       0.391  6.31618e-01
      0.3915  6.29178e-01
       0.392  6.26732e-01
      0.3925  6.24279e-01
       0.393  6.21821e-01
      0.3935  6.19356e-01
       0.394  6.16885e-01
      0.3945  6.14409e-01
       0.395  6.11926e-01
      0.3955  6.09437e-01
       0.396  6.06942e-01
      0.3965  6.04441e-01
       0.397  6.01934e-01
      0.3975  5.99421e-01
       0.398  5.96902e-01
      0.3985  5.94377e-01
       0.399  5.91846e-01
      0.3995  5.89310e-01
         0.4  5.86768e-01
      0.4005  5.84220e-01
       0.401  5.81666e-01
      0.4015  5.79106e-01
       0.402  5.76541e-01
      0.4025  5.73970e-01
       0.403  5.71393e-01
      0.4035  5.68811e-01
       0.404  5.66223e-01
      0.4045  5.63629e-01
       0.405  5.61030e-01
      0.4055  5.58425e-01
       0.406  5.55815e-01
      0.4065  5.53200e-01
       0.407  5.50578e-01
      0.4075  5.47952e-01
       0.408  5.45320e-01
      0.4085  5.42682e-01
       0.409  5.40040e-01
      0.4095  5.37392e-01
        0.41  5.34738e-01
      0.4105  5.32080e-01
       0.411  5.29416e-01
      0.4115  5.26747e-01
       0.412  5.24072e-01
      0.4125  5.21393e-01
       0.413  5.18708e-01
      0.4135  5.16018e-01
       0.414  5.13323e-01
      0.4145  5.10623e-01
       0.415  5.07918e-01
      0.4155  5.05208e-01
       0.416  5.02493e-01
      0.4165  4.99773e-01
       0.417  4.97048e-01
      0.4175  4.94318e-01
       0.418  4.91584e-01
      0.4185  4.88844e-01
       0.419  4.86100e-01
      0.4195  4.83350e-01
        0.42  4.80596e-01
      0.4205  4.77838e-01
       0.421  4.75074e-01
      0.4215  4.72306e-01
       0.422  4.69533e-01
      0.4225  4.66756e-01
       0.423  4.63974e-01
      0.4235  4.61187e-01
       0.424  4.58396e-01
      0.4245  4.55600e-01
       0.425  4.52800e-01
      0.4255  4.49995e-01
       0.426  4.47186e-01
      0.4265  4.44372e-01
       0.427  4.41554e-01
      0.4275  4.38732e-01
       0.428  4.35905e-01
      0.4285  4.33074e-01
       0.429  4.30239e-01
      0.4295  4.27400e-01
        0.43  4.24556e-01
      0.4305  4.21708e-01
       0.431  4.18856e-01
      0.4315  4.16000e-01
       0.432  4.13139e-01
      0.4325  4.10275e-01
       0.433  4.07407e-01
      0.4335  4.04534e-01
       0.434  4.01658e-01
      0.4345  3.98777e-01
       0.435  3.95893e-01
      0.4355  3.93004e-01
       0.436  3.90112e-01
      0.4365  3.87216e-01
       0.437  3.84316e-01
      0.4375  3.81413e-01
       0.438  3.78505e-01
      0.4385  3.75594e-01
       0.439  3.72679e-01
      0.4395  3.69761e-01
        0.44  3.66838e-01
      0.4405  3.63912e-01
       0.441  3.60983e-01
      0.4415  3.58050e-01
       0.442  3.55113e-01
      0.4425  3.52173e-01
       0.443  3.49230e-01
      0.4435  3.46283e-01
       0.444  3.43333e-01
      0.4445  3.40379e-01
       0.445  3.37422e-01
      0.4455  3.34461e-01
       0.446  3.31497e-01
      0.4465  3.28530e-01
       0.447  3.25560e-01
      0.4475  3.22586e-01
       0.448  3.19610e-01
      0.4485  3.16630e-01
       0.449  3.13647e-01
      0.4495  3.10661e-01
        0.45  3.07671e-01
      0.4505  3.04679e-01
       0.451  3.01684e-01
      0.4515  2.98686e-01
       0.452  2.95685e-01
      0.4525  2.92681e-01
       0.453  2.89674e-01
      0.4535  2.86664e-01
       0.454  2.83651e-01
      0.4545  2.80636e-01
       0.455  2.77617e-01
      0.4555  2.74596e-01
       0.456  2.71573e-01
      0.4565  2.68546e-01
       0.457  2.65517e-01
      0.4575  2.62486e-01
       0.458  2.59452e-01
      0.4585  2.56415e-01
       0.459  2.53375e-01
      0.4595  2.50334e-01
        0.46  2.47289e-01
      0.4605  2.44242e-01
       0.461  2.41193e-01
      0.4615  2.38142e-01
       0.462  2.35088e-01
      0.4625  2.32032e-01
       0.463  2.28973e-01
      0.4635  2.25912e-01
       0.464  2.22849e-01
      0.4645  2.19784e-01
       0.465  2.16717e-01
      0.4655  2.13647e-01
       0.466  2.10575e-01
      0.4665  2.07502e-01
       0.467  2.04426e-01
      0.4675  2.01348e-01
       0.468  1.98268e-01
      0.4685  1.95187e-01
       0.469  1.92103e-01
      0.4695  1.89017e-01
        0.47  1.85930e-01
      0.4705  1.82841e-01
       0.471  1.79750e-01
      0.4715  1.76657e-01
       0.472  1.73562e-01
      0.4725  1.70466e-01
       0.473  1.67368e-01
      0.4735  1.64268e-01
       0.474  1.61167e-01
      0.4745  1.58064e-01
       0.475  1.54960e-01
      0.4755  1.51854e-01
       0.476  1.48746e-01
      0.4765  1.45637e-01
       0.477  1.42527e-01
      0.4775  1.39415e-01
       0.478  1.36302e-01
      0.4785  1.33188e-01
       0.479  1.30072e-01
      0.4795  1.26955e-01
        0.48  1.23836e-01
      0.4805  1.20717e-01
       0.481  1.17596e-01
      0.4815  1.14474e-01
       0.482  1.11351e-01
      0.4825  1.08227e-01
       0.483  1.05102e-01
      0.4835  1.01975e-01
       0.484  9.88480e-02
      0.4845  9.57197e-02
       0.485  9.25905e-02
      0.4855  8.94604e-02
       0.486  8.63294e-02
      0.4865  8.31976e-02
       0.487  8.00649e-02
      0.4875  7.69314e-02
       0.488  7.37972e-02
      0.4885  7.06623e-02
       0.489  6.75266e-02
      0.4895  6.43903e-02
        0.49  6.12533e-02
      0.4905  5.81158e-02
       0.491  5.49776e-02
      0.4915  5.18390e-02
       0.492  4.86998e-02
      0.4925  4.55601e-02
       0.493  4.24200e-02
      0.4935  3.92794e-02
       0.494  3.61385e-02
      0.4945  3.29972e-02
       0.495  2.98556e-02
      0.4955  2.67137e-02
       0.496  2.35715e-02
      0.4965  2.04291e-02
       0.497  1.72865e-02
      0.4975  1.41438e-02
       0.498  1.10009e-02
      0.4985  7.85783e-03
       0.499  4.71473e-03
      0.4995  1.57158e-03
         0.5 -1.57158e-03
      0.5005 -4.71473e-03
       0.501 -7.85783e-03
      0.5015 -1.10009e-02
       0.502 -1.41438e-02
      0.5025 -1.72865e-02
       0.503 -2.04291e-02
      0.5035 -2.35715e-02
       0.504 -2.67137e-02
      0.5045 -2.98556e-02
       0.505 -3.29972e-02
      0.5055 -3.61385e-02
       0.506 -3.92794e-02
      0.5065 -4.24200e-02
       0.507 -4.55601e-02
      0.5075 -4.86998e-02
       0.508 -5.18390e-02
      0.5085 -5.49776e-02
       0.509 -5.81158e-02
      0.5095 -6.12533e-02
        0.51 -6.43903e-02
      0.5105 -6.75266e-02
       0.511 -7.06623e-02
      0.5115 -7.37972e-02
       0.512 -7.69314e-02
      0.5125 -8.00649e-02
       0.513 -8.31976e-02
      0.5135 -8.63294e-02
       0.514 -8.94604e-02
      0.5145 -9.25905e-02
       0.515 -9.57197e-02
      0.5155 -9.88480e-02
       0.516 -1.01975e-01
      0.5165 -1.05102e-01
       0.517 -1.08227e-01
      0.5175 -1.11351e-01
       0.518 -1.14474e-01
      0.5185 -1.17596e-01
       0.519 -1.20717e-01
      0.5195 -1.23836e-01
        0.52 -1.26955e-01
      0.5205 -1.30072e-01
       0.521 -1.33188e-01
      0.5215 -1.36302e-01
       0.522 -1.39415e-01
      0.5225 -1.42527e-01
       0.523 -1.45637e-01
      0.5235 -1.48746e-01
       0.524 -1.51854e-01
      0.5245 -1.54960e-01
       0.525 -1.58064e-01
      0.5255 -1.61167e-01
       0.526 -1.64268e-01
      0.5265 -1.67368e-01
       0.527 -1.70466e-01
      0.5275 -1.73562e-01
       0.528 -1.76657e-01
      0.5285 -1.79750e-01
       0.529 -1.82841e-01
      0.5295 -1.85930e-01
        0.53 -1.89017e-01
      0.5305 -1.92103e-01
       0.531 -1.95187e-01
      0.5315 -1.98268e-01
       0.532 -2.01348e-01
      0.5325 -2.04426e-01
       0.533 -2.07502e-01
      0.5335 -2.10575e-01
       0.534 -2.13647e-01
      0.5345 -2.16717e-01
       0.535 -2.19784e-01
      0.5355 -2.22849e-01
       0.536 -2.25912e-01
      0.5365 -2.28973e-01
       0.537 -2.32032e-01
      0.5375 -2.35088e-01
       0.538 -2.38142e-01
      0.5385 -2.41193e-01
       0.539 -2.44242e-01
      0.5395 -2.47289e-01
        0.54 -2.50334e-01
      0.5405 -2.53375e-01
       0.541 -2.56415e-01
      0.5415 -2.59452e-01
       0.542 -2.62486e-01
      0.5425 -2.65517e-01
       0.543 -2.68546e-01
      0.5435 -2.71573e-01
       0.544 -2.74596e-01
      0.5445 -2.77617e-01
       0.545 -2.80636e-01
      0.5455 -2.83651e-01
       0.546 -2.86664e-01
      0.5465 -2.89674e-01
       0.547 -2.92681e-01
      0.5475 -2.95685e-01
       0.548 -2.98686e-01
      0.5485 -3.01684e-01
       0.549 -3.04679e-01
      0.5495 -3.07671e-01
        0.55 -3.10661e-01
      0.5505 -3.13647e-01
       0.551 -3.16630e-01
      0.5515 -3.19610e-01
       0.552 -3.22586e-01
      0.5525 -3.25560e-01
       0.553 -3.28530e-01
      0.5535 -3.31497e-01
       0.554 -3.34461e-01
      0.5545 -3.37422e-01
       0.555 -3.40379e-01
      0.5555 -3.43333e-01
       0.556 -3.46283e-01
      0.5565 -3.49230e-01
       0.557 -3.52173e-01
      0.5575 -3.55113e-01
       0.558 -3.58050e-01
      0.5585 -3.60983e-01
       0.559 -3.63912e-01
      0.5595 -3.66838e-01
        0.56 -3.69761e-01
      0.5605 -3.72679e-01
       0.561 -3.75594e-01
      0.5615 -3.78505e-01
       0.562 -3.81413e-01
      0.5625 -3.84316e-01
       0.563 -3.87216e-01
      0.5635 -3.90112e-01
       0.564 -3.93004e-01
      0.5645 -3.95893e-01
       0.565 -3.98777e-01
      0.5655 -4.01658e-01
       0.566 -4.04534e-01
      0.5665 -4.07407e-01
       0.567 -4.10275e-01
      0.5675 -4.13139e-01
       0.568 -4.16000e-01
      0.5685 -4.18856e-01
       0.569 -4.21708e-01
      0.5695 -4.24556e-01
        0.57 -4.27400e-01
      0.5705 -4.30239e-01
       0.571 -4.33074e-01
      0.5715 -4.35905e-01
       0.572 -4.38732e-01
      0.5725 -4.41554e-01
       0.573 -4.44372e-01
      0.5735 -4.47186e-01
       0.574 -4.49995e-01
      0.5745 -4.52800e-01
       0.575 -4.55600e-01
      0.5755 -4.58396e-01
       0.576 -4.61187e-01
      0.5765 -4.63974e-01
       0.577 -4.66756e-01
      0.5775 -4.69533e-01
       0.578 -4.72306e-01
      0.5785 -4.75074e-01
       0.579 -4.77838e-01
      0.5795 -4.80596e-01
        0.58 -4.83350e-01
      0.5805 -4.86100e-01
       0.581 -4.88844e-01
      0.5815 -4.91584e-01
       0.582 -4.94318e-01
      0.5825 -4.97048e-01
       0.583 -4.99773e-01
      0.5835 -5.02493e-01
       0.584 -5.05208e-01
      0.5845 -5.07918e-01
       0.585 -5.10623e-01
      0.5855 -5.13323e-01
       0.586 -5.16018e-01
      0.5865 -5.18708e-01
       0.587 -5.21393e-01
      0.5875 -5.24072e-01
       0.588 -5.26747e-01
      0.5885 -5.29416e-01
       0.589 -5.32080e-01
      0.5895 -5.34738e-01
        0.59 -5.37392e-01
      0.5905 -5.40040e-01
       0.591 -5.42682e-01
      0.5915 -5.45320e-01
       0.592 -5.47952e-01
      0.5925 -5.50578e-01
       0.593 -5.53200e-01
      0.5935 -5.55815e-01
       0.594 -5.58425e-01
      0.5945 -5.61030e-01
       0.595 -5.63629e-01
      0.5955 -5.66223e-01
       0.596 -5.68811e-01
      0.5965 -5.71393e-01
       0.597 -5.73970e-01
      0.5975 -5.76541e-01
       0.598 -5.79106e-01
      0.5985 -5.81666e-01
       0.599 -5.84220e-01
      0.5995 -5.86768e-01
         0.6 -5.89310e-01
      0.6005 -5.91846e-01
       0.601 -5.94377e-01
      0.6015 -5.96902e-01
       0.602 -5.99421e-01
      0.6025 -6.01934e-01
       0.603 -6.04441e-01
      0.6035 -6.06942e-01
       0.604 -6.09437e-01
      0.6045 -6.11926e-01
       0.605 -6.14409e-01
      0.6055 -6.16885e-01
       0.606 -6.19356e-01
      0.6065 -6.21821e-01
       0.607 -6.24279e-01
      0.6075 -6.26732e-01
       0.608 -6.29178e-01
      0.6085 -6.31618e-01
       0.609 -6.34052e-01
      0.6095 -6.36479e-01
        0.61 -6.38900e-01
      0.6105 -6.41315e-01
       0.611 -6.43723e-01
      0.6115 -6.46126e-01
       0.612 -6.48521e-01
      0.6125 -6.50911e-01
       0.613 -6.53294e-01
      0.6135 -6.55670e-01
       0.614 -6.58040e-01
      0.6145 -6.60404e-01
       0.615 -6.62761e-01
      0.6155 -6.65111e-01
       0.616 -6.67455e-01
      0.6165 -6.69792e-01
       0.617 -6.72123e-01
      0.6175 -6.74447e-01
       0.618 -6.76764e-01
      0.6185 -6.79075e-01
       0.619 -6.81379e-01
      0.6195 -6.83676e-01
        0.62 -6.85966e-01
      0.6205 -6.88250e-01
       0.621 -6.90527e-01
      0.6215 -6.92797e-01
       0.622 -6.95060e-01
      0.6225 -6.97317e-01
       0.623 -6.99566e-01
      0.6235 -7.01809e-01
       0.624 -7.04044e-01
      0.6245 -7.06273e-01
       0.625 -7.08495e-01
      0.6255 -7.10709e-01
       0.626 -7.12917e-01
      0.6265 -7.15117e-01
       0.627 -7.17311e-01
      0.6275 -7.19497e-01
       0.628 -7.21677e-01
      0.6285 -7.23849e-01
       0.629 -7.26014e-01
      0.6295 -7.28172e-01
        0.63 -7.30323e-01
      0.6305 -7.32466e-01
       0.631 -7.34602e-01
      0.6315 -7.36731e-01
       0.632 -7.38853e-01
      0.6325 -7.40968e-01
       0.633 -7.43075e-01
      0.6335 -7.45174e-01
       0.634 -7.47267e-01
      0.6345 -7.49352e-01
       0.635 -7.51429e-01
      0.6355 -7.53500e-01
       0.636 -7.55562e-01
      0.6365 -7.57618e-01
       0.637 -7.59665e-01
      0.6375 -7.61706e-01
       0.638 -7.63739e-01
      0.6385 -7.65764e-01
       0.639 -7.67781e-01
      0.6395 -7.69791e-01
        0.64 -7.71794e-01
      0.6405 -7.73789e-01
       0.641 -7.75776e-01
      0.6415 -7.77755e-01
       0.642 -7.79727e-01
      0.6425 -7.81691e-01
       0.643 -7.83648e-01
      0.6435 -7.85597e-01
       0.644 -7.87537e-01
      0.6445 -7.89471e-01
       0.645 -7.91396e-01
      0.6455 -7.93313e-01
       0.646 -7.95223e-01
      0.6465 -7.97125e-01
       0.647 -7.99019e-01
      0.6475 -8.00905e-01
       0.648 -8.02783e-01
      0.6485 -8.04653e-01
       0.649 -8.06516e-01
      0.6495 -8.08370e-01
        0.65 -8.10216e-01
      0.6505 -8.12054e-01
       0.651 -8.13885e-01
      0.6515 -8.15707e-01
       0.652 -8.17521e-01
      0.6525 -8.19327e-01
       0.653 -8.21125e-01
      0.6535 -8.22915e-01
       0.654 -8.24697e-01
      0.6545 -8.26471e-01
       0.655 -8.28236e-01
      0.6555 -8.29993e-01
       0.656 -8.31742e-01
      0.6565 -8.33483e-01
       0.657 -8.35216e-01
      0.6575 -8.36940e-01
       0.658 -8.38656e-01
      0.6585 -8.40364e-01
       0.659 -8.42064e-01
      0.6595 -8.43755e-01
        0.66 -8.45438e-01
      0.6605 -8.47112e-01
       0.661 -8.48778e-01
      0.6615 -8.50436e-01
       0.662 -8.52085e-01
      0.6625 -8.53726e-01
       0.663 -8.55359e-01
      0.6635 -8.56983e-01
       0.664 -8.58598e-01
      0.6645 -8.60206e-01
       0.665 -8.61804e-01
      0.6655 -8.63394e-01
       0.666 -8.64976e-01
      0.6665 -8.66549e-01
       0.667 -8.68113e-01
      0.6675 -8.69669e-01
       0.668 -8.71216e-01
      0.6685 -8.72755e-01
       0.669 -8.74285e-01
      0.6695 -8.75807e-01
        0.67 -8.77319e-01
      0.6705 -8.78823e-01
       0.671 -8.80319e-01
      0.6715 -8.81805e-01
       0.672 -8.83283e-01
      0.6725 -8.84753e-01
       0.673 -8.86213e-01
      0.6735 -8.87665e-01
       0.674 -8.89108e-01
      0.6745 -8.90542e-01
       0.675 -8.91968e-01
      0.6755 -8.93384e-01
       0.676 -8.94792e-01
      0.6765 -8.96191e-01
       0.677 -8.97581e-01
      0.6775 -8.98962e-01
       0.678 -9.00335e-01
      0.6785 -9.01698e-01
       0.679 -9.03053e-01
      0.6795 -9.04398e-01
        0.68 -9.05735e-01
      0.6805 -9.07063e-01
       0.681 -9.08382e-01
      0.6815 -9.09691e-01
       0.682 -9.10992e-01
      0.6825 -9.12284e-01
       0.683 -9.13567e-01
      0.6835 -9.14841e-01
       0.684 -9.16105e-01
      0.6845 -9.17361e-01
       0.685 -9.18608e-01
      0.6855 -9.19845e-01
       0.686 -9.21074e-01
      0.6865 -9.22293e-01
       0.687 -9.23503e-01
      0.6875 -9.24704e-01
       0.688 -9.25896e-01
      0.6885 -9.27079e-01
       0.689 -9.28253e-01
      0.6895 -9.29417e-01
        0.69 -9.30573e-01
      0.6905 -9.31719e-01
       0.691 -9.32856e-01
      0.6915 -9.33983e-01
       0.692 -9.35102e-01
      0.6925 -9.36211e-01
       0.693 -9.37311e-01
      0.6935 -9.38402e-01
       0.694 -9.39483e-01
      0.6945 -9.40556e-01
       0.695 -9.41618e-01
      0.6955 -9.42672e-01
       0.696 -9.43716e-01
      0.6965 -9.44751e-01
       0.697 -9.45777e-01
      0.6975 -9.46793e-01
       0.698 -9.47800e-01
      0.6985 -9.48798e-01
       0.699 -9.49786e-01
      0.6995 -9.50765e-01
         0.7 -9.51734e-01
      0.7005 -9.52694e-01
       0.701 -9.53645e-01
      0.7015 -9.54586e-01
       0.702 -9.55518e-01
      0.7025 -9.56440e-01
       0.703 -9.57353e-01
      0.7035 -9.58256e-01
       0.704 -9.59150e-01
      0.7045 -9.60035e-01
       0.705 -9.60910e-01
      0.7055 -9.61775e-01
       0.706 -9.62631e-01
      0.7065 -9.63477e-01
       0.707 -9.64314e-01
      0.7075 -9.65142e-01
       0.708 -9.65960e-01
      0.7085 -9.66768e-01
       0.709 -9.67567e-01
      0.7095 -9.68356e-01
        0.71 -9.69136e-01
      0.7105 -9.69906e-01
       0.711 -9.70666e-01
      0.7115 -9.71417e-01
       0.712 -9.72159e-01
      0.7125 -9.72890e-01
       0.713 -9.73612e-01
      0.7135 -9.74325e-01
       0.714 -9.75028e-01
      0.7145 -9.75721e-01
       0.715 -9.76405e-01
      0.7155 -9.77078e-01
       0.716 -9.77743e-01
      0.7165 -9.78397e-01
       0.717 -9.79042e-01
      0.7175 -9.79678e-01
       0.718 -9.80303e-01
      0.7185 -9.80919e-01
       0.719 -9.81525e-01
      0.7195 -9.82122e-01
        0.72 -9.82709e-01
      0.7205 -9.83286e-01
       0.721 -9.83853e-01
      0.7215 -9.84411e-01
       0.722 -9.84959e-01
      0.7225 -9.85497e-01
       0.723 -9.86026e-01
      0.7235 -9.86544e-01
       0.724 -9.87053e-01
      0.7245 -9.87553e-01
       0.725 -9.88042e-01
      0.7255 -9.88522e-01
       0.726 -9.88992e-01
      0.7265 -9.89452e-01
       0.727 -9.89903e-01
      0.7275 -9.90343e-01
       0.728 -9.90774e-01
      0.7285 -9.91195e-01
       0.729 -9.91606e-01
      0.7295 -9.92008e-01
        0.73 -9.92400e-01
      0.7305 -9.92782e-01
       0.731 -9.93154e-01
      0.7315 -9.93516e-01
       0.732 -9.93868e-01
      0.7325 -9.94211e-01
       0.733 -9.94544e-01
      0.7335 -9.94867e-01
       0.734 -9.95180e-01
      0.7345 -9.95483e-01
       0.735 -9.95777e-01
      0.7355 -9.96060e-01
       0.736 -9.96334e-01
      0.7365 -9.96598e-01
       0.737 -9.96852e-01
      0.7375 -9.97097e-01
       0.738 -9.97331e-01
      0.7385 -9.97556e-01
       0.739 -9.97770e-01
      0.7395 -9.97975e-01
        0.74 -9.98170e-01
      0.7405 -9.98355e-01
       0.741 -9.98530e-01
      0.7415 -9.98696e-01
       0.742 -9.98851e-01
      0.7425 -9.98997e-01
       0.743 -9.99133e-01
      0.7435 -9.99259e-01
       0.744 -9.99375e-01
      0.7445 -9.99481e-01
       0.745 -9.99577e-01
      0.7455 -9.99664e-01
       0.746 -9.99740e-01
      0.7465 -9.99807e-01
       0.747 -9.99864e-01
      0.7475 -9.99911e-01
       0.748 -9.99948e-01
      0.7485 -9.99975e-01
       0.749 -9.99992e-01
      0.7495 -1.00000e+00
        0.75 -9.99997e-01
      0.7505 -9.99985e-01
       0.751 -9.99963e-01
      0.7515 -9.99931e-01
       0.752 -9.99889e-01
      0.7525 -9.99837e-01
       0.753 -9.99775e-01
      0.7535 -9.99703e-01
       0.754 -9.99622e-01
      0.7545 -9.99530e-01
       0.755 -9.99429e-01
      0.7555 -9.99318e-01
       0.756 -9.99197e-01
      0.7565 -9.99066e-01
       0.757 -9.98925e-01
      0.7575 -9.98775e-01
       0.758 -9.98614e-01
      0.7585 -9.98444e-01
       0.759 -9.98264e-01
      0.7595 -9.98074e-01
        0.76 -9.97874e-01
      0.7605 -9.97664e-01
       0.761 -9.97444e-01
      0.7615 -9.97215e-01
       0.762 -9.96976e-01
      0.7625 -9.96726e-01
       0.763 -9.96467e-01
      0.7635 -9.96199e-01
       0.764 -9.95920e-01
      0.7645 -9.95631e-01
       0.765 -9.95333e-01
      0.7655 -9.95025e-01
       0.766 -9.94706e-01
      0.7665 -9.94379e-01
       0.767 -9.94041e-01
      0.7675 -9.93693e-01
       0.768 -9.93336e-01
      0.7685 -9.92969e-01
       0.769 -9.92592e-01
      0.7695 -9.92205e-01
        0.77 -9.91808e-01
      0.7705 -9.91402e-01
       0.771 -9.90986e-01
      0.7715 -9.90560e-01
       0.772 -9.90124e-01
      0.7725 -9.89679e-01
       0.773 -9.89223e-01
      0.7735 -9.88758e-01
       0.774 -9.88283e-01
      0.7745 -9.87799e-01
       0.775 -9.87304e-01
      0.7755 -9.86800e-01
       0.776 -9.86286e-01
      0.7765 -9.85763e-01
       0.777 -9.85229e-01
      0.7775 -9.84686e-01
       0.778 -9.84133e-01
      0.7785 -9.83571e-01
       0.779 -9.82999e-01
      0.7795 -9.82417e-01
        0.78 -9.81825e-01
      0.7805 -9.81224e-01
       0.781 -9.80612e-01
      0.7815 -9.79992e-01
       0.782 -9.79361e-01
      0.7825 -9.78721e-01
       0.783 -9.78071e-01
      0.7835 -9.77412e-01
       0.784 -9.76743e-01
      0.7845 -9.76064e-01
       0.785 -9.75376e-01
      0.7855 -9.74678e-01
       0.786 -9.73970e-01
      0.7865 -9.73253e-01
       0.787 -9.72526e-01
      0.7875 -9.71789e-01
       0.788 -9.71043e-01
      0.7885 -9.70287e-01
       0.789 -9.69522e-01
      0.7895 -9.68747e-01
        0.79 -9.67963e-01
      0.7905 -9.67169e-01
       0.791 -9.66365e-01
      0.7915 -9.65552e-01
       0.792 -9.64729e-01
      0.7925 -9.63897e-01
       0.793 -9.63055e-01
      0.7935 -9.62204e-01
       0.794 -9.61343e-01
      0.7945 -9.60473e-01
       0.795 -9.59594e-01
      0.7955 -9.58704e-01
       0.796 -9.57806e-01
      0.7965 -9.56898e-01
       0.797 -9.55980e-01
      0.7975 -9.55053e-01
       0.798 -9.54116e-01
      0.7985 -9.53171e-01
       0.799 -9.52215e-01
      0.7995 -9.51251e-01
         0.8 -9.50276e-01
      0.8005 -9.49293e-01
       0.801 -9.48300e-01
      0.8015 -9.47298e-01
       0.802 -9.46286e-01
      0.8025 -9.45265e-01
       0.803 -9.44235e-01
      0.8035 -9.43195e-01
       0.804 -9.42146e-01
      0.8045 -9.41088e-01
       0.805 -9.40021e-01
      0.8055 -9.38944e-01
       0.806 -9.37858e-01
      0.8065 -9.36762e-01
       0.807 -9.35658e-01
      0.8075 -9.34544e-01
       0.808 -9.33421e-01
      0.8085 -9.32288e-01
       0.809 -9.31147e-01
      0.8095 -9.29996e-01
        0.81 -9.28836e-01
      0.8105 -9.27667e-01
       0.811 -9.26489e-01
      0.8115 -9.25301e-01
       0.812 -9.24105e-01
      0.8125 -9.22899e-01
       0.813 -9.21684e-01
      0.8135 -9.20460e-01
       0.814 -9.19227e-01
      0.8145 -9.17985e-01
       0.815 -9.16734e-01
      0.8155 -9.15474e-01
       0.816 -9.14205e-01
      0.8165 -9.12926e-01
       0.817 -9.11639e-01
      0.8175 -9.10343e-01
       0.818 -9.09038e-01
      0.8185 -9.07723e-01
       0.819 -9.06400e-01
      0.8195 -9.05068e-01
        0.82 -9.03727e-01
      0.8205 -9.02377e-01
       0.821 -9.01018e-01
      0.8215 -8.99650e-01
       0.822 -8.98273e-01
      0.8225 -8.96887e-01
       0.823 -8.95493e-01
      0.8235 -8.94089e-01
       0.824 -8.92677e-01
      0.8245 -8.91256e-01
       0.825 -8.89826e-01
      0.8255 -8.88388e-01
       0.826 -8.86940e-01
      0.8265 -8.85484e-01
       0.827 -8.84019e-01
      0.8275 -8.82546e-01
       0.828 -8.81063e-01
      0.8285 -8.79572e-01
       0.829 -8.78072e-01
      0.8295 -8.76564e-01
        0.83 -8.75047e-01
      0.8305 -8.73521e-01
       0.831 -8.71987e-01
      0.8315 -8.70444e-01
       0.832 -8.68892e-01
      0.8325 -8.67332e-01
       0.833 -8.65763e-01
      0.8335 -8.64186e-01
       0.834 -8.62600e-01
      0.8345 -8.61006e-01
       0.835 -8.59403e-01
      0.8355 -8.57792e-01
       0.836 -8.56172e-01
      0.8365 -8.54544e-01
       0.837 -8.52907e-01
      0.8375 -8.51262e-01
       0.838 -8.49608e-01
      0.8385 -8.47946e-01
       0.839 -8.46276e-01
      0.8395 -8.44597e-01
        0.84 -8.42910e-01
      0.8405 -8.41215e-01
       0.841 -8.39511e-01
      0.8415 -8.37799e-01
       0.842 -8.36079e-01
      0.8425 -8.34351e-01
       0.843 -8.32614e-01
      0.8435 -8.30869e-01
       0.844 -8.29116e-01
      0.8445 -8.27354e-01
       0.845 -8.25585e-01
      0.8455 -8.23807e-01
       0.846 -8.22021e-01
      0.8465 -8.20227e-01
       0.847 -8.18425e-01
      0.8475 -8.16615e-01
       0.848 -8.14797e-01
      0.8485 -8.12971e-01
       0.849 -8.11136e-01
      0.8495 -8.09294e-01
        0.85 -8.07444e-01
      0.8505 -8.05585e-01
       0.851 -8.03719e-01
      0.8515 -8.01845e-01
       0.852 -7.99963e-01
      0.8525 -7.98073e-01
       0.853 -7.96175e-01
      0.8535 -7.94269e-01
       0.854 -7.92356e-01
      0.8545 -7.90434e-01
       0.855 -7.88505e-01
      0.8555 -7.86568e-01
       0.856 -7.84623e-01
      0.8565 -7.82671e-01
       0.857 -7.80710e-01
      0.8575 -7.78742e-01
       0.858 -7.76767e-01
      0.8585 -7.74783e-01
       0.859 -7.72792e-01
      0.8595 -7.70794e-01
        0.86 -7.68787e-01
      0.8605 -7.66774e-01
       0.861 -7.64752e-01
      0.8615 -7.62723e-01
       0.862 -7.60687e-01
      0.8625 -7.58643e-01
       0.863 -7.56591e-01
      0.8635 -7.54532e-01
       0.864 -7.52466e-01
      0.8645 -7.50392e-01
       0.865 -7.48310e-01
      0.8655 -7.46222e-01
       0.866 -7.44126e-01
      0.8665 -7.42022e-01
       0.867 -7.39911e-01
      0.8675 -7.37793e-01
       0.868 -7.35668e-01
      0.8685 -7.33535e-01
       0.869 -7.31395e-01
      0.8695 -7.29248e-01
        0.87 -7.27094e-01
      0.8705 -7.24932e-01
       0.871 -7.22764e-01
      0.8715 -7.20588e-01
       0.872 -7.18405e-01
      0.8725 -7.16215e-01
       0.873 -7.14018e-01
      0.8735 -7.11814e-01
       0.874 -7.09603e-01
      0.8745 -7.07385e-01
       0.875 -7.05159e-01
      0.8755 -7.02927e-01
       0.876 -7.00688e-01
      0.8765 -6.98442e-01
       0.877 -6.96189e-01
      0.8775 -6.93929e-01
       0.878 -6.91663e-01
      0.8785 -6.89389e-01
       0.879 -6.87109e-01
      0.8795 -6.84822e-01
        0.88 -6.82528e-01
      0.8805 -6.80228e-01
       0.881 -6.77920e-01
      0.8815 -6.75606e-01
       0.882 -6.73286e-01
      0.8825 -6.70958e-01
       0.883 -6.68624e-01
      0.8835 -6.66284e-01
       0.884 -6.63937e-01
      0.8845 -6.61583e-01
       0.885 -6.59223e-01
      0.8855 -6.56856e-01
       0.886 -6.54483e-01
      0.8865 -6.52103e-01
       0.887 -6.49717e-01
      0.8875 -6.47324e-01
       0.888 -6.44925e-01
      0.8885 -6.42520e-01
       0.889 -6.40108e-01
      0.8895 -6.37690e-01
        0.89 -6.35266e-01
      0.8905 -6.32835e-01
       0.891 -6.30399e-01
      0.8915 -6.27956e-01
       0.892 -6.25506e-01
      0.8925 -6.23051e-01
       0.893 -6.20589e-01
      0.8935 -6.18122e-01
       0.894 -6.15648e-01
      0.8945 -6.13168e-01
       0.895 -6.10682e-01
      0.8955 -6.08190e-01
       0.896 -6.05692e-01
      0.8965 -6.03188e-01
       0.897 -6.00678e-01
      0.8975 -5.98162e-01
       0.898 -5.95640e-01
      0.8985 -5.93112e-01
       0.899 -5.90579e-01
      0.8995 -5.88040e-01
         0.9 -5.85494e-01
      0.9005 -5.82943e-01
       0.901 -5.80387e-01
      0.9015 -5.77824e-01
       0.902 -5.75256e-01
      0.9025 -5.72682e-01
       0.903 -5.70103e-01
      0.9035 -5.67517e-01
       0.904 -5.64927e-01
      0.9045 -5.62330e-01
       0.905 -5.59728e-01
      0.9055 -5.57121e-01
       0.906 -5.54508e-01
      0.9065 -5.51890e-01
       0.907 -5.49266e-01
      0.9075 -5.46637e-01
       0.908 -5.44002e-01
      0.9085 -5.41362e-01
       0.909 -5.38716e-01
      0.9095 -5.36066e-01
        0.91 -5.33410e-01
      0.9105 -5.30748e-01
       0.911 -5.28082e-01
      0.9115 -5.25410e-01
       0.912 -5.22733e-01
      0.9125 -5.20051e-01
       0.913 -5.17364e-01
      0.9135 -5.14671e-01
       0.914 -5.11974e-01
      0.9145 -5.09271e-01
       0.915 -5.06564e-01
      0.9155 -5.03851e-01
       0.916 -5.01134e-01
      0.9165 -4.98411e-01
       0.917 -4.95684e-01
      0.9175 -4.92952e-01
       0.918 -4.90214e-01
      0.9185 -4.87472e-01
       0.919 -4.84726e-01
      0.9195 -4.81974e-01
        0.92 -4.79218e-01
      0.9205 -4.76457e-01
       0.921 -4.73691e-01
      0.9215 -4.70920e-01
       0.922 -4.68145e-01
      0.9225 -4.65365e-01
       0.923 -4.62581e-01
      0.9235 -4.59792e-01
       0.924 -4.56999e-01
      0.9245 -4.54201e-01
       0.925 -4.51398e-01
      0.9255 -4.48591e-01
       0.926 -4.45780e-01
      0.9265 -4.42964e-01
       0.927 -4.40144e-01
      0.9275 -4.37319e-01
       0.928 -4.34490e-01
      0.9285 -4.31657e-01
       0.929 -4.28820e-01
      0.9295 -4.25978e-01
        0.93 -4.23133e-01
      0.9305 -4.20283e-01
       0.931 -4.17428e-01
      0.9315 -4.14570e-01
       0.932 -4.11708e-01
      0.9325 -4.08841e-01
       0.933 -4.05971e-01
      0.9335 -4.03096e-01
       0.934 -4.00218e-01
      0.9345 -3.97335e-01
       0.935 -3.94449e-01
      0.9355 -3.91559e-01
       0.936 -3.88665e-01
      0.9365 -3.85767e-01
       0.937 -3.82865e-01
      0.9375 -3.79959e-01
       0.938 -3.77050e-01
      0.9385 -3.74137e-01
       0.939 -3.71220e-01
      0.9395 -3.68300e-01
        0.94 -3.65376e-01
      0.9405 -3.62448e-01
       0.941 -3.59517e-01
      0.9415 -3.56582e-01
       0.942 -3.53644e-01
      0.9425 -3.50702e-01
       0.943 -3.47757e-01
      0.9435 -3.44808e-01
       0.944 -3.41856e-01
      0.9445 -3.38901e-01
       0.945 -3.35942e-01
      0.9455 -3.32980e-01
       0.946 -3.30014e-01
      0.9465 -3.27045e-01
       0.947 -3.24074e-01
      0.9475 -3.21098e-01
       0.948 -3.18120e-01
      0.9485 -3.15139e-01
       0.949 -3.12154e-01
      0.9495 -3.09166e-01
        0.95 -3.06176e-01
      0.9505 -3.03182e-01
       0.951 -3.00185e-01
      0.9515 -2.97186e-01
       0.952 -2.94183e-01
      0.9525 -2.91177e-01
       0.953 -2.88169e-01
      0.9535 -2.85158e-01
       0.954 -2.82144e-01
      0.9545 -2.79127e-01
       0.955 -2.76107e-01
      0.9555 -2.73085e-01
       0.956 -2.70060e-01
      0.9565 -2.67032e-01
       0.957 -2.64002e-01
      0.9575 -2.60969e-01
       0.958 -2.57933e-01
      0.9585 -2.54895e-01
       0.959 -2.51855e-01
      0.9595 -2.48812e-01
        0.96 -2.45766e-01
      0.9605 -2.42718e-01
       0.961 -2.39668e-01
      0.9615 -2.36615e-01
       0.962 -2.33560e-01
      0.9625 -2.30503e-01
       0.963 -2.27443e-01
      0.9635 -2.24381e-01
       0.964 -2.21317e-01
      0.9645 -2.18251e-01
       0.965 -2.15182e-01
      0.9655 -2.12112e-01
       0.966 -2.09039e-01
      0.9665 -2.05964e-01
       0.967 -2.02887e-01
      0.9675 -1.99809e-01
       0.968 -1.96728e-01
      0.9685 -1.93645e-01
       0.969 -1.90560e-01
      0.9695 -1.87474e-01
        0.97 -1.84386e-01
      0.9705 -1.81295e-01
       0.971 -1.78203e-01
      0.9715 -1.75110e-01
       0.972 -1.72014e-01
      0.9725 -1.68917e-01
       0.973 -1.65818e-01
      0.9735 -1.62718e-01
       0.974 -1.59616e-01
      0.9745 -1.56512e-01
       0.975 -1.53407e-01
      0.9755 -1.50300e-01
       0.976 -1.47192e-01
      0.9765 -1.44082e-01
       0.977 -1.40971e-01
      0.9775 -1.37859e-01
       0.978 -1.34745e-01
      0.9785 -1.31630e-01
       0.979 -1.28513e-01
      0.9795 -1.25396e-01
        0.98 -1.22277e-01
      0.9805 -1.19156e-01
       0.981 -1.16035e-01
      0.9815 -1.12913e-01
       0.982 -1.09789e-01
      0.9825 -1.06664e-01
       0.983 -1.03539e-01
      0.9835 -1.00412e-01
       0.984 -9.72840e-02
      0.9845 -9.41553e-02
       0.985 -9.10256e-02
      0.9855 -8.78950e-02
       0.986 -8.47636e-02
      0.9865 -8.16313e-02
       0.987 -7.84983e-02
      0.9875 -7.53644e-02
       0.988 -7.22298e-02
      0.9885 -6.90945e-02
       0.989 -6.59585e-02
      0.9895 -6.28219e-02
        0.99 -5.96846e-02
      0.9905 -5.65468e-02
       0.991 -5.34084e-02
      0.9915 -5.02694e-02
       0.992 -4.71300e-02
      0.9925 -4.39901e-02
       0.993 -4.08498e-02
      0.9935 -3.77090e-02
       0.994 -3.45679e-02
      0.9945 -3.14265e-02
       0.995 -2.82847e-02
      0.9955 -2.51427e-02
       0.996 -2.20004e-02
      0.9965 -1.88579e-02
       0.997 -1.57152e-02
      0.9975 -1.25723e-02
       0.998 -9.42935e-03
      0.9985 -6.28629e-03
       0.999 -3.14316e-03
      0.9995 -0.00000e+00
