1.000000000000  0.000000000000 
0.999995060263  0.003143164236 
0.999980241102  0.006286328471 
0.999955542663  0.009429492707 
0.999920965190  0.012572656943 
0.999876509024  0.015715821179 
0.999822174605  0.018858985414 
0.999757962470  0.022002149650 
0.999683873252  0.025145313886 
0.999599907685  0.028288478121 
0.999506066596  0.031431642357 
0.999402350915  0.034574806593 
0.999288761664  0.037717970828 
0.999165299967  0.040861135064 
0.999031967043  0.044004299300 
0.998888764210  0.047147463536 
0.998735692881  0.050290627771 
0.998572754570  0.053433792007 
0.998399950886  0.056576956243 
0.998217283537  0.059720120478 
0.998024754326  0.062863284714 
0.997822365157  0.066006448950 
0.997610118028  0.069149613186 
0.997388015037  0.072292777421 
0.997156058377  0.075435941657 
0.996914250341  0.078579105893 
0.996662593317  0.081722270128 
0.996401089792  0.084865434364 
0.996129742348  0.088008598600 
0.995848553668  0.091151762836 
0.995557526528  0.094294927071 
0.995256663805  0.097438091307 
0.994945968469  0.100581255543 
0.994625443592  0.103724419778 
0.994295092339  0.106867584014 
0.993954917975  0.110010748250 
0.993604923859  0.113153912485 
0.993245113450  0.116297076721 
0.992875490303  0.119440240957 
0.992496058068  0.122583405193 
0.992106820495  0.125726569428 
0.991707781430  0.128869733664 
0.991298944814  0.132012897900 
0.990880314686  0.135156062135 
0.990451895183  0.138299226371 
0.990013690537  0.141442390607 
0.989565705077  0.144585554843 
0.989107943229  0.147728719078 
0.988640409516  0.150871883314 
0.988163108556  0.154015047550 
0.987676045065  0.157158211785 
0.987179223855  0.160301376021 
0.986672649835  0.163444540257 
0.986156328008  0.166587704493 
0.985630263476  0.169730868728 
0.985094461436  0.172874032964 
0.984548927182  0.176017197200 
0.983993666103  0.179160361435 
0.983428683685  0.182303525671 
0.982853985510  0.185446689907 
0.982269577254  0.188589854142 
0.981675464693  0.191733018378 
0.981071653695  0.194876182614 
0.980458150226  0.198019346850 
0.979834960347  0.201162511085 
0.979202090215  0.204305675321 
0.978559546082  0.207448839557 
0.977907334296  0.210592003792 
0.977245461300  0.213735168028 
0.976573933634  0.216878332264 
0.975892757932  0.220021496500 
0.975201940924  0.223164660735 
0.974501489434  0.226307824971 
0.973791410382  0.229450989207 
0.973071710785  0.232594153442 
0.972342397751  0.235737317678 
0.971603478487  0.238880481914 
0.970854960292  0.242023646149 
0.970096850561  0.245166810385 
0.969329156785  0.248309974621 
0.968551886547  0.251453138857 
0.967765047527  0.254596303092 
0.966968647497  0.257739467328 
0.966162694327  0.260882631564 
0.965347195978  0.264025795799 
0.964522160508  0.267168960035 
0.963687596066  0.270312124271 
0.962843510899  0.273455288507 
0.961989913344  0.276598452742 
0.961126811837  0.279741616978 
0.960254214902  0.282884781214 
0.959372131162  0.286027945449 
0.958480569330  0.289171109685 
0.957579538216  0.292314273921 
0.956669046719  0.295457438157 
0.955749103837  0.298600602392 
0.954819718657  0.301743766628 
0.953880900360  0.304886930864 
0.952932658223  0.308030095099 
0.951975001614  0.311173259335 
0.951007939992  0.314316423571 
0.950031482913  0.317459587806 
0.949045640024  0.320602752042 
0.948050421063  0.323745916278 
0.947045835864  0.326889080514 
0.946031894350  0.330032244749 
0.945008606540  0.333175408985 
0.943975982543  0.336318573221 
0.942934032560  0.339461737456 
0.941882766885  0.342604901692 
0.940822195905  0.345748065928 
0.939752330097  0.348891230164 
0.938673180031  0.352034394399 
0.937584756368  0.355177558635 
0.936487069862  0.358320722871 
0.935380131357  0.361463887106 
0.934263951789  0.364607051342 
0.933138542185  0.367750215578 
0.932003913664  0.370893379814 
0.930860077435  0.374036544049 
0.929707044799  0.377179708285 
0.928544827147  0.380322872521 
0.927373435961  0.383466036756 
0.926192882814  0.386609200992 
0.925003179369  0.389752365228 
0.923804337380  0.392895529463 
0.922596368691  0.396038693699 
0.921379285235  0.399181857935 
0.920153099038  0.402325022171 
0.918917822212  0.405468186406 
0.917673466963  0.408611350642 
0.916420045583  0.411754514878 
0.915157570455  0.414897679113 
0.913886054053  0.418040843349 
0.912605508938  0.421184007585 
0.911315947761  0.424327171821 
0.910017383263  0.427470336056 
0.908709828272  0.430613500292 
0.907393295707  0.433756664528 
0.906067798574  0.436899828763 
0.904733349969  0.440042992999 
0.903389963074  0.443186157235 
0.902037651163  0.446329321470 
0.900676427594  0.449472485706 
0.899306305817  0.452615649942 
0.897927299367  0.455758814178 
0.896539421869  0.458901978413 
0.895142687033  0.462045142649 
0.893737108659  0.465188306885 
0.892322700633  0.468331471120 
0.890899476929  0.471474635356 
0.889467451607  0.474617799592 
0.888026638816  0.477760963828 
0.886577052789  0.480904128063 
0.885118707847  0.484047292299 
0.883651618399  0.487190456535 
0.882175798939  0.490333620770 
0.880691264046  0.493476785006 
0.879198028387  0.496619949242 
0.877696106715  0.499763113478 
0.876185513868  0.502906277713 
0.874666264769  0.506049441949 
0.873138374428  0.509192606185 
0.871601857941  0.512335770420 
0.870056730485  0.515478934656 
0.868503007328  0.518622098892 
0.866940703818  0.521765263127 
0.865369835391  0.524908427363 
0.863790417566  0.528051591599 
0.862202465946  0.531194755835 
0.860605996220  0.534337920070 
0.859001024161  0.537481084306 
0.857387565623  0.540624248542 
0.855765636548  0.543767412777 
0.854135252959  0.546910577013 
0.852496430964  0.550053741249 
0.850849186753  0.553196905485 
0.849193536600  0.556340069720 
0.847529496863  0.559483233956 
0.845857083980  0.562626398192 
0.844176314475  0.565769562427 
0.842487204953  0.568912726663 
0.840789772101  0.572055890899 
0.839084032688  0.575199055134 
0.837370003568  0.578342219370 
0.835647701673  0.581485383606 
0.833917144018  0.584628547842 
0.832178347702  0.587771712077 
0.830431329902  0.590914876313 
0.828676107877  0.594058040549 
0.826912698970  0.597201204784 
0.825141120600  0.600344369020 
0.823361390271  0.603487533256 
0.821573525564  0.606630697492 
0.819777544145  0.609773861727 
0.817973463754  0.612917025963 
0.816161302217  0.616060190199 
0.814341077436  0.619203354434 
0.812512807394  0.622346518670 
0.810676510154  0.625489682906 
0.808832203856  0.628632847142 
0.806979906723  0.631776011377 
0.805119637053  0.634919175613 
0.803251413225  0.638062339849 
0.801375253696  0.641205504084 
0.799491177002  0.644348668320 
0.797599201756  0.647491832556 
0.795699346650  0.650634996791 
0.793791630454  0.653778161027 
0.791876072014  0.656921325263 
0.789952690256  0.660064489499 
0.788021504182  0.663207653734 
0.786082532870  0.666350817970 
0.784135795477  0.669493982206 
0.782181311235  0.672637146441 
0.780219099453  0.675780310677 
0.778249179518  0.678923474913 
0.776271570891  0.682066639149 
0.774286293110  0.685209803384 
0.772293365788  0.688352967620 
0.770292808614  0.691496131856 
0.768284641353  0.694639296091 
0.766268883845  0.697782460327 
0.764245556003  0.700925624563 
0.762214677819  0.704068788799 
0.760176269354  0.707211953034 
0.758130350748  0.710355117270 
0.756076942214  0.713498281506 
0.754016064038  0.716641445741 
0.751947736580  0.719784609977 
0.749871980275  0.722927774213 
0.747788815629  0.726070938448 
0.745698263224  0.729214102684 
0.743600343713  0.732357266920 
0.741495077822  0.735500431156 
0.739382486351  0.738643595391 
0.737262590169  0.741786759627 
0.735135410222  0.744929923863 
0.733000967524  0.748073088098 
0.730859283163  0.751216252334 
0.728710378297  0.754359416570 
0.726554274156  0.757502580806 
0.724390992041  0.760645745041 
0.722220553326  0.763788909277 
0.720042979451  0.766932073513 
0.717858291931  0.770075237748 
0.715666512349  0.773218401984 
0.713467662360  0.776361566220 
0.711261763685  0.779504730455 
0.709048838119  0.782647894691 
0.706828907524  0.785791058927 
0.704601993831  0.788934223163 
0.702368119042  0.792077387398 
0.700127305226  0.795220551634 
0.697879574521  0.798363715870 
0.695624949133  0.801506880105 
0.693363451337  0.804650044341 
0.691095103475  0.807793208577 
0.688819927958  0.810936372813 
0.686537947263  0.814079537048 
0.684249183934  0.817222701284 
0.681953660584  0.820365865520 
0.679651399891  0.823509029755 
0.677342424600  0.826652193991 
0.675026757523  0.829795358227 
0.672704421537  0.832938522463 
0.670375439586  0.836081686698 
0.668039834678  0.839224850934 
0.665697629889  0.842368015170 
0.663348848357  0.845511179405 
0.660993513289  0.848654343641 
0.658631647952  0.851797507877 
0.656263275682  0.854940672112 
0.653888419877  0.858083836348 
0.651507103998  0.861227000584 
0.649119351572  0.864370164820 
0.646725186189  0.867513329055 
0.644324631502  0.870656493291 
0.641917711227  0.873799657527 
0.639504449143  0.876942821762 
0.637084869091  0.880085985998 
0.634658994977  0.883229150234 
0.632226850767  0.886372314470 
0.629788460488  0.889515478705 
0.627343848230  0.892658642941 
0.624893038146  0.895801807177 
0.622436054448  0.898944971412 
0.619972921410  0.902088135648 
0.617503663365  0.905231299884 
0.615028304710  0.908374464120 
0.612546869899  0.911517628355 
0.610059383447  0.914660792591 
0.607565869930  0.917803956827 
0.605066353983  0.920947121062 
0.602560860298  0.924090285298 
0.600049413630  0.927233449534 
0.597532038789  0.930376613769 
0.595008760647  0.933519778005 
0.592479604131  0.936662942241 
0.589944594229  0.939806106477 
0.587403755985  0.942949270712 
0.584857114502  0.946092434948 
0.582304694938  0.949235599184 
0.579746522511  0.952378763419 
0.577182622493  0.955521927655 
0.574613020215  0.958665091891 
0.572037741063  0.961808256127 
0.569456810479  0.964951420362 
0.566870253962  0.968094584598 
0.564278097066  0.971237748834 
0.561680365399  0.974380913069 
0.559077084626  0.977524077305 
0.556468280466  0.980667241541 
0.553853978692  0.983810405776 
0.551234205133  0.986953570012 
0.548608985670  0.990096734248 
0.545978346240  0.993239898484 
0.543342312831  0.996383062719 
0.540700911486  0.999526226955 
0.538054168300  1.002669391191 
0.535402109423  1.005812555426 
0.532744761056  1.008955719662 
0.530082149450  1.012098883898 
0.527414300912  1.015242048134 
0.524741241799  1.018385212369 
0.522062998519  1.021528376605 
0.519379597531  1.024671540841 
0.516691065346  1.027814705076 
0.513997428526  1.030957869312 
0.511298713682  1.034101033548 
0.508594947476  1.037244197784 
0.505886156619  1.040387362019 
0.503172367874  1.043530526255 
0.500453608051  1.046673690491 
0.497729904010  1.049816854726 
0.495001282660  1.052960018962 
0.492267770957  1.056103183198 
0.489529395909  1.059246347433 
0.486786184568  1.062389511669 
0.484038164035  1.065532675905 
0.481285361461  1.068675840141 
0.478527804041  1.071819004376 
0.475765519018  1.074962168612 
0.472998533682  1.078105332848 
0.470226875370  1.081248497083 
0.467450571464  1.084391661319 
0.464669649393  1.087534825555 
0.461884136630  1.090677989791 
0.459094060695  1.093821154026 
0.456299449153  1.096964318262 
0.453500329613  1.100107482498 
0.450696729728  1.103250646733 
0.447888677197  1.106393810969 
0.445076199761  1.109536975205 
0.442259325208  1.112680139441 
0.439438081365  1.115823303676 
0.436612496105  1.118966467912 
0.433782597344  1.122109632148 
0.430948413039  1.125252796383 
0.428109971191  1.128395960619 
0.425267299842  1.131539124855 
0.422420427076  1.134682289090 
0.419569381018  1.137825453326 
0.416714189837  1.140968617562 
0.413854881738  1.144111781798 
0.410991484971  1.147254946033 
0.408124027825  1.150398110269 
0.405252538628  1.153541274505 
0.402377045750  1.156684438740 
0.399497577599  1.159827602976 
0.396614162621  1.162970767212 
0.393726829305  1.166113931448 
0.390835606175  1.169257095683 
0.387940521796  1.172400259919 
0.385041604768  1.175543424155 
0.382138883732  1.178686588390 
0.379232387365  1.181829752626 
0.376322144381  1.184972916862 
0.373408183534  1.188116081097 
0.370490533610  1.191259245333 
0.367569223434  1.194402409569 
0.364644281869  1.197545573805 
0.361715737810  1.200688738040 
0.358783620190  1.203831902276 
0.355847957977  1.206975066512 
0.352908780173  1.210118230747 
0.349966115817  1.213261394983 
0.347019993979  1.216404559219 
0.344070443767  1.219547723455 
0.341117494320  1.222690887690 
0.338161174812  1.225834051926 
0.335201514450  1.228977216162 
0.332238542473  1.232120380397 
0.329272288155  1.235263544633 
0.326302780800  1.238406708869 
0.323330049745  1.241549873105 
0.320354124359  1.244693037340 
0.317375034044  1.247836201576 
0.314392808230  1.250979365812 
0.311407476381  1.254122530047 
0.308419067990  1.257265694283 
0.305427612581  1.260408858519 
0.302433139709  1.263552022754 
0.299435678956  1.266695186990 
0.296435259936  1.269838351226 
0.293431912292  1.272981515462 
0.290425665696  1.276124679697 
0.287416549846  1.279267843933 
0.284404594473  1.282411008169 
0.281389829332  1.285554172404 
0.278372284208  1.288697336640 
0.275351988912  1.291840500876 
0.272328973284  1.294983665112 
0.269303267189  1.298126829347 
0.266274900519  1.301269993583 
0.263243903194  1.304413157819 
0.260210305157  1.307556322054 
0.257174136380  1.310699486290 
0.254135426858  1.313842650526 
0.251094206611  1.316985814762 
0.248050505686  1.320128978997 
0.245004354153  1.323272143233 
0.241955782106  1.326415307469 
0.238904819663  1.329558471704 
0.235851496966  1.332701635940 
0.232795844181  1.335844800176 
0.229737891495  1.338987964411 
0.226677669120  1.342131128647 
0.223615207289  1.345274292883 
0.220550536258  1.348417457119 
0.217483686303  1.351560621354 
0.214414687725  1.354703785590 
0.211343570842  1.357846949826 
0.208270365996  1.360990114061 
0.205195103548  1.364133278297 
0.202117813881  1.367276442533 
0.199038527396  1.370419606769 
0.195957274515  1.373562771004 
0.192874085680  1.376705935240 
0.189788991351  1.379849099476 
0.186702022006  1.382992263711 
0.183613208143  1.386135427947 
0.180522580279  1.389278592183 
0.177430168947  1.392421756418 
0.174336004698  1.395564920654 
0.171240118101  1.398708084890 
0.168142539742  1.401851249126 
0.165043300224  1.404994413361 
0.161942430164  1.408137577597 
0.158839960198  1.411280741833 
0.155735920978  1.414423906068 
0.152630343168  1.417567070304 
0.149523257452  1.420710234540 
0.146414694524  1.423853398776 
0.143304685096  1.426996563011 
0.140193259893  1.430139727247 
0.137080449655  1.433282891483 
0.133966285134  1.436426055718 
0.130850797096  1.439569219954 
0.127734016322  1.442712384190 
0.124615973603  1.445855548426 
0.121496699744  1.448998712661 
0.118376225561  1.452141876897 
0.115254581884  1.455285041133 
0.112131799552  1.458428205368 
0.109007909417  1.461571369604 
0.105882942341  1.464714533840 
0.102756929197  1.467857698075 
0.099629900869  1.471000862311 
0.096501888251  1.474144026547 
0.093372922244  1.477287190783 
0.090243033762  1.480430355018 
0.087112253726  1.483573519254 
0.083980613068  1.486716683490 
0.080848142725  1.489859847725 
0.077714873645  1.493003011961 
0.074580836783  1.496146176197 
0.071446063101  1.499289340433 
0.068310583570  1.502432504668 
0.065174429167  1.505575668904 
0.062037630874  1.508718833140 
0.058900219683  1.511861997375 
0.055762226588  1.515005161611 
0.052623682592  1.518148325847 
0.049484618701  1.521291490083 
0.046345065929  1.524434654318 
0.043205055292  1.527577818554 
0.040064617811  1.530720982790 
0.036923784513  1.533864147025 
0.033782586428  1.537007311261 
0.030641054589  1.540150475497 
0.027499220032  1.543293639732 
0.024357113797  1.546436803968 
0.021214766927  1.549579968204 
0.018072210466  1.552723132440 
0.014929475461  1.555866296675 
0.011786592961  1.559009460911 
0.008643594015  1.562152625147 
0.005500509675  1.565295789382 
0.002357370993  1.568438953618 
-0.000785790978  1.571582117854 
-0.003928945186  1.574725282090 
-0.007072060579  1.577868446325 
-0.010215106103  1.581011610561 
-0.013358050707  1.584154774797 
-0.016500863341  1.587297939032 
-0.019643512955  1.590441103268 
-0.022785968501  1.593584267504 
-0.025928198934  1.596727431739 
-0.029070173210  1.599870595975 
-0.032211860288  1.603013760211 
-0.035353229130  1.606156924447 
-0.038494248700  1.609300088682 
-0.041634887968  1.612443252918 
-0.044775115905  1.615586417154 
-0.047914901487  1.618729581389 
-0.051054213695  1.621872745625 
-0.054193021515  1.625015909861 
-0.057331293936  1.628159074097 
-0.060468999954  1.631302238332 
-0.063606108570  1.634445402568 
-0.066742588791  1.637588566804 
-0.069878409631  1.640731731039 
-0.073013540109  1.643874895275 
-0.076147949252  1.647018059511 
-0.079281606092  1.650161223747 
-0.082414479673  1.653304387982 
-0.085546539042  1.656447552218 
-0.088677753256  1.659590716454 
-0.091808091380  1.662733880689 
-0.094937522489  1.665877044925 
-0.098066015665  1.669020209161 
-0.101193540001  1.672163373396 
-0.104320064597  1.675306537632 
-0.107445558567  1.678449701868 
-0.110569991031  1.681592866104 
-0.113693331121  1.684736030339 
-0.116815547982  1.687879194575 
-0.119936610766  1.691022358811 
-0.123056488640  1.694165523046 
-0.126175150781  1.697308687282 
-0.129292566377  1.700451851518 
-0.132408704631  1.703595015754 
-0.135523534757  1.706738179989 
-0.138637025981  1.709881344225 
-0.141749147545  1.713024508461 
-0.144859868702  1.716167672696 
-0.147969158720  1.719310836932 
-0.151076986880  1.722454001168 
-0.154183322479  1.725597165403 
-0.157288134829  1.728740329639 
-0.160391393254  1.731883493875 
-0.163493067097  1.735026658111 
-0.166593125715  1.738169822346 
-0.169691538480  1.741312986582 
-0.172788274782  1.744456150818 
-0.175883304027  1.747599315053 
-0.178976595637  1.750742479289 
-0.182068119054  1.753885643525 
-0.185157843732  1.757028807761 
-0.188245739149  1.760171971996 
-0.191331774798  1.763315136232 
-0.194415920189  1.766458300468 
-0.197498144853  1.769601464703 
-0.200578418340  1.772744628939 
-0.203656710217  1.775887793175 
-0.206732990074  1.779030957411 
-0.209807227517  1.782174121646 
-0.212879392175  1.785317285882 
-0.215949453698  1.788460450118 
-0.219017381753  1.791603614353 
-0.222083146032  1.794746778589 
-0.225146716246  1.797889942825 
-0.228208062130  1.801033107060 
-0.231267153438  1.804176271296 
-0.234323959948  1.807319435532 
-0.237378451461  1.810462599768 
-0.240430597800  1.813605764003 
-0.243480368812  1.816748928239 
-0.246527734365  1.819892092475 
-0.249572664355  1.823035256710 
-0.252615128698  1.826178420946 
-0.255655097336  1.829321585182 
-0.258692540237  1.832464749418 
-0.261727427392  1.835607913653 
-0.264759728817  1.838751077889 
-0.267789414556  1.841894242125 
-0.270816454677  1.845037406360 
-0.273840819274  1.848180570596 
-0.276862478467  1.851323734832 
-0.279881402405  1.854466899068 
-0.282897561263  1.857610063303 
-0.285910925241  1.860753227539 
-0.288921464570  1.863896391775 
-0.291929149507  1.867039556010 
-0.294933950338  1.870182720246 
-0.297935837377  1.873325884482 
-0.300934780967  1.876469048717 
-0.303930751480  1.879612212953 
-0.306923719317  1.882755377189 
-0.309913654909  1.885898541425 
-0.312900528717  1.889041705660 
-0.315884311233  1.892184869896 
-0.318864972979  1.895328034132 
-0.321842484506  1.898471198367 
-0.324816816400  1.901614362603 
-0.327787939274  1.904757526839 
-0.330755823776  1.907900691075 
-0.333720440585  1.911043855310 
-0.336681760411  1.914187019546 
-0.339639753999  1.917330183782 
-0.342594392126  1.920473348017 
-0.345545645600  1.923616512253 
-0.348493485265  1.926759676489 
-0.351437881998  1.929902840724 
-0.354378806710  1.933046004960 
-0.357316230346  1.936189169196 
-0.360250123885  1.939332333432 
-0.363180458344  1.942475497667 
-0.366107204770  1.945618661903 
-0.369030334251  1.948761826139 
-0.371949817906  1.951904990374 
-0.374865626892  1.955048154610 
-0.377777732404  1.958191318846 
-0.380686105671  1.961334483082 
-0.383590717959  1.964477647317 
-0.386491540574  1.967620811553 
-0.389388544855  1.970763975789 
-0.392281702183  1.973907140024 
-0.395170983974  1.977050304260 
-0.398056361684  1.980193468496 
-0.400937806806  1.983336632732 
-0.403815290875  1.986479796967 
-0.406688785461  1.989622961203 
-0.409558262176  1.992766125439 
-0.412423692671  1.995909289674 
-0.415285048637  1.999052453910 
-0.418142301806  2.002195618146 
-0.420995423949  2.005338782381 
-0.423844386879  2.008481946617 
-0.426689162450  2.011625110853 
-0.429529722556  2.014768275089 
-0.432366039135  2.017911439324 
-0.435198084166  2.021054603560 
-0.438025829668  2.024197767796 
-0.440849247706  2.027340932031 
-0.443668310386  2.030484096267 
-0.446482989857  2.033627260503 
-0.449293258310  2.036770424739 
-0.452099087983  2.039913588974 
-0.454900451155  2.043056753210 
-0.457697320151  2.046199917446 
-0.460489667337  2.049343081681 
-0.463277465129  2.052486245917 
-0.466060685983  2.055629410153 
-0.468839302403  2.058772574389 
-0.471613286938  2.061915738624 
-0.474382612181  2.065058902860 
-0.477147250775  2.068202067096 
-0.479907175405  2.071345231331 
-0.482662358805  2.074488395567 
-0.485412773755  2.077631559803 
-0.488158393082  2.080774724038 
-0.490899189662  2.083917888274 
-0.493635136416  2.087061052510 
-0.496366206315  2.090204216746 
-0.499092372377  2.093347380981 
-0.501813607670  2.096490545217 
-0.504529885308  2.099633709453 
-0.507241178457  2.102776873688 
-0.509947460331  2.105920037924 
-0.512648704192  2.109063202160 
-0.515344883353  2.112206366396 
-0.518035971179  2.115349530631 
-0.520721941082  2.118492694867 
-0.523402766527  2.121635859103 
-0.526078421028  2.124779023338 
-0.528748878152  2.127922187574 
-0.531414111515  2.131065351810 
-0.534074094786  2.134208516045 
-0.536728801687  2.137351680281 
-0.539378205990  2.140494844517 
-0.542022281520  2.143638008753 
-0.544661002156  2.146781172988 
-0.547294341828  2.149924337224 
-0.549922274520  2.153067501460 
-0.552544774269  2.156210665695 
-0.555161815168  2.159353829931 
-0.557773371360  2.162496994167 
-0.560379417045  2.165640158403 
-0.562979926476  2.168783322638 
-0.565574873962  2.171926486874 
-0.568164233867  2.175069651110 
-0.570747980608  2.178212815345 
-0.573326088659  2.181355979581 
-0.575898532551  2.184499143817 
-0.578465286869  2.187642308053 
-0.581026326254  2.190785472288 
-0.583581625405  2.193928636524 
-0.586131159077  2.197071800760 
-0.588674902082  2.200214964995 
-0.591212829289  2.203358129231 
-0.593744915625  2.206501293467 
-0.596271136074  2.209644457702 
-0.598791465678  2.212787621938 
-0.601305879538  2.215930786174 
-0.603814352812  2.219073950410 
-0.606316860718  2.222217114645 
-0.608813378534  2.225360278881 
-0.611303881593  2.228503443117 
-0.613788345293  2.231646607352 
-0.616266745087  2.234789771588 
-0.618739056490  2.237932935824 
-0.621205255077  2.241076100060 
-0.623665316483  2.244219264295 
-0.626119216405  2.247362428531 
-0.628566930598  2.250505592767 
-0.631008434881  2.253648757002 
-0.633443705134  2.256791921238 
-0.635872717296  2.259935085474 
-0.638295447370  2.263078249710 
-0.640711871422  2.266221413945 
-0.643121965578  2.269364578181 
-0.645525706028  2.272507742417 
-0.647923069024  2.275650906652 
-0.650314030881  2.278794070888 
-0.652698567978  2.281937235124 
-0.655076656757  2.285080399359 
-0.657448273723  2.288223563595 
-0.659813395447  2.291366727831 
-0.662171998562  2.294509892067 
-0.664524059767  2.297653056302 
-0.666869555824  2.300796220538 
-0.669208463561  2.303939384774 
-0.671540759871  2.307082549009 
-0.673866421711  2.310225713245 
-0.676185426107  2.313368877481 
-0.678497750146  2.316512041717 
-0.680803370986  2.319655205952 
-0.683102265846  2.322798370188 
-0.685394412016  2.325941534424 
-0.687679786850  2.329084698659 
-0.689958367771  2.332227862895 
-0.692230132265  2.335371027131 
-0.694495057891  2.338514191366 
-0.696753122271  2.341657355602 
-0.699004303098  2.344800519838 
-0.701248578130  2.347943684074 
-0.703485925196  2.351086848309 
-0.705716322191  2.354230012545 
-0.707939747081  2.357373176781 
-0.710156177899  2.360516341016 
-0.712365592747  2.363659505252 
-0.714567969799  2.366802669488 
-0.716763287296  2.369945833724 
-0.718951523549  2.373088997959 
-0.721132656940  2.376232162195 
-0.723306665920  2.379375326431 
-0.725473529011  2.382518490666 
-0.727633224806  2.385661654902 
-0.729785731968  2.388804819138 
-0.731931029231  2.391947983374 
-0.734069095401  2.395091147609 
-0.736199909355  2.398234311845 
-0.738323450041  2.401377476081 
-0.740439696481  2.404520640316 
-0.742548627767  2.407663804552 
-0.744650223063  2.410806968788 
-0.746744461608  2.413950133023 
-0.748831322710  2.417093297259 
-0.750910785754  2.420236461495 
-0.752982830194  2.423379625731 
-0.755047435560  2.426522789966 
-0.757104581456  2.429665954202 
-0.759154247557  2.432809118438 
-0.761196413614  2.435952282673 
-0.763231059452  2.439095446909 
-0.765258164968  2.442238611145 
-0.767277710137  2.445381775381 
-0.769289675007  2.448524939616 
-0.771294039699  2.451668103852 
-0.773290784413  2.454811268088 
-0.775279889421  2.457954432323 
-0.777261335072  2.461097596559 
-0.779235101790  2.464240760795 
-0.781201170077  2.467383925031 
-0.783159520507  2.470527089266 
-0.785110133733  2.473670253502 
-0.787052990485  2.476813417738 
-0.788988071568  2.479956581973 
-0.790915357864  2.483099746209 
-0.792834830333  2.486242910445 
-0.794746470012  2.489386074680 
-0.796650258014  2.492529238916 
-0.798546175532  2.495672403152 
-0.800434203833  2.498815567388 
-0.802314324267  2.501958731623 
-0.804186518257  2.505101895859 
-0.806050767308  2.508245060095 
-0.807907053002  2.511388224330 
-0.809755357000  2.514531388566 
-0.811595661042  2.517674552802 
-0.813427946946  2.520817717038 
-0.815252196610  2.523960881273 
-0.817068392012  2.527104045509 
-0.818876515209  2.530247209745 
-0.820676548337  2.533390373980 
-0.822468473613  2.536533538216 
-0.824252273333  2.539676702452 
-0.826027929876  2.542819866687 
-0.827795425697  2.545963030923 
-0.829554743336  2.549106195159 
-0.831305865410  2.552249359395 
-0.833048774621  2.555392523630 
-0.834783453749  2.558535687866 
-0.836509885655  2.561678852102 
-0.838228053285  2.564822016337 
-0.839937939663  2.567965180573 
-0.841639527897  2.571108344809 
-0.843332801175  2.574251509045 
-0.845017742770  2.577394673280 
-0.846694336034  2.580537837516 
-0.848362564404  2.583681001752 
-0.850022411399  2.586824165987 
-0.851673860620  2.589967330223 
-0.853316895752  2.593110494459 
-0.854951500563  2.596253658695 
-0.856577658903  2.599396822930 
-0.858195354707  2.602539987166 
-0.859804571993  2.605683151402 
-0.861405294863  2.608826315637 
-0.862997507502  2.611969479873 
-0.864581194180  2.615112644109 
-0.866156339252  2.618255808344 
-0.867722927155  2.621398972580 
-0.869280942412  2.624542136816 
-0.870830369632  2.627685301052 
-0.872371193506  2.630828465287 
-0.873903398813  2.633971629523 
-0.875426970414  2.637114793759 
-0.876941893258  2.640257957994 
-0.878448152377  2.643401122230 
-0.879945732892  2.646544286466 
-0.881434620007  2.649687450702 
-0.882914799011  2.652830614937 
-0.884386255283  2.655973779173 
-0.885848974284  2.659116943409 
-0.887302941564  2.662260107644 
-0.888748142758  2.665403271880 
-0.890184563588  2.668546436116 
-0.891612189864  2.671689600351 
-0.893031007481  2.674832764587 
-0.894441002423  2.677975928823 
-0.895842160758  2.681119093059 
-0.897234468644  2.684262257294 
-0.898617912327  2.687405421530 
-0.899992478138  2.690548585766 
-0.901358152497  2.693691750001 
-0.902714921913  2.696834914237 
-0.904062772980  2.699978078473 
-0.905401692384  2.703121242709 
-0.906731666895  2.706264406944 
-0.908052683376  2.709407571180 
-0.909364728774  2.712550735416 
-0.910667790128  2.715693899651 
-0.911961854563  2.718837063887 
-0.913246909296  2.721980228123 
-0.914522941631  2.725123392359 
-0.915789938960  2.728266556594 
-0.917047888767  2.731409720830 
-0.918296778624  2.734552885066 
-0.919536596193  2.737696049301 
-0.920767329224  2.740839213537 
-0.921988965559  2.743982377773 
-0.923201493129  2.747125542008 
-0.924404899954  2.750268706244 
-0.925599174146  2.753411870480 
-0.926784303905  2.756555034716 
-0.927960277524  2.759698198951 
-0.929127083384  2.762841363187 
-0.930284709958  2.765984527423 
-0.931433145809  2.769127691658 
-0.932572379591  2.772270855894 
-0.933702400049  2.775414020130 
-0.934823196019  2.778557184366 
-0.935934756428  2.781700348601 
-0.937037070295  2.784843512837 
-0.938130126729  2.787986677073 
-0.939213914932  2.791129841308 
-0.940288424196  2.794273005544 
-0.941353643905  2.797416169780 
-0.942409563537  2.800559334016 
-0.943456172658  2.803702498251 
-0.944493460929  2.806845662487 
-0.945521418103  2.809988826723 
-0.946540034022  2.813131990958 
-0.947549298625  2.816275155194 
-0.948549201940  2.819418319430 
-0.949539734088  2.822561483665 
-0.950520885284  2.825704647901 
-0.951492645834  2.828847812137 
-0.952455006138  2.831990976373 
-0.953407956689  2.835134140608 
-0.954351488070  2.838277304844 
-0.955285590962  2.841420469080 
-0.956210256135  2.844563633315 
-0.957125474455  2.847706797551 
-0.958031236879  2.850849961787 
-0.958927534459  2.853993126023 
-0.959814358340  2.857136290258 
-0.960691699761  2.860279454494 
-0.961559550054  2.863422618730 
-0.962417900645  2.866565782965 
-0.963266743054  2.869708947201 
-0.964106068895  2.872852111437 
-0.964935869876  2.875995275672 
-0.965756137799  2.879138439908 
-0.966566864559  2.882281604144 
-0.967368042149  2.885424768380 
-0.968159662651  2.888567932615 
-0.968941718246  2.891711096851 
-0.969714201207  2.894854261087 
-0.970477103903  2.897997425322 
-0.971230418796  2.901140589558 
-0.971974138444  2.904283753794 
-0.972708255499  2.907426918030 
-0.973432762710  2.910570082265 
-0.974147652917  2.913713246501 
-0.974852919059  2.916856410737 
-0.975548554167  2.919999574972 
-0.976234551369  2.923142739208 
-0.976910903888  2.926285903444 
-0.977577605043  2.929429067680 
-0.978234648245  2.932572231915 
-0.978882027004  2.935715396151 
-0.979519734924  2.938858560387 
-0.980147765706  2.942001724622 
-0.980766113143  2.945144888858 
-0.981374771128  2.948288053094 
-0.981973733647  2.951431217329 
-0.982562994783  2.954574381565 
-0.983142548714  2.957717545801 
-0.983712389715  2.960860710037 
-0.984272512155  2.964003874272 
-0.984822910501  2.967147038508 
-0.985363579316  2.970290202744 
-0.985894513258  2.973433366979 
-0.986415707081  2.976576531215 
-0.986927155636  2.979719695451 
-0.987428853871  2.982862859687 
-0.987920796829  2.986006023922 
-0.988402979650  2.989149188158 
-0.988875397570  2.992292352394 
-0.989338045922  2.995435516629 
-0.989790920135  2.998578680865 
-0.990234015735  3.001721845101 
-0.990667328345  3.004865009337 
-0.991090853683  3.008008173572 
-0.991504587566  3.011151337808 
-0.991908525905  3.014294502044 
-0.992302664711  3.017437666279 
-0.992687000089  3.020580830515 
-0.993061528243  3.023723994751 
-0.993426245471  3.026867158986 
-0.993781148172  3.030010323222 
-0.994126232838  3.033153487458 
-0.994461496061  3.036296651694 
-0.994786934528  3.039439815929 
-0.995102545024  3.042582980165 
-0.995408324431  3.045726144401 
-0.995704269728  3.048869308636 
-0.995990377991  3.052012472872 
-0.996266646394  3.055155637108 
-0.996533072208  3.058298801344 
-0.996789652799  3.061441965579 
-0.997036385634  3.064585129815 
-0.997273268274  3.067728294051 
-0.997500298380  3.070871458286 
-0.997717473708  3.074014622522 
-0.997924792114  3.077157786758 
-0.998122251547  3.080300950993 
-0.998309850059  3.083444115229 
-0.998487585795  3.086587279465 
-0.998655457000  3.089730443701 
-0.998813462015  3.092873607936 
-0.998961599279  3.096016772172 
-0.999099867329  3.099159936408 
-0.999228264798  3.102303100643 
-0.999346790418  3.105446264879 
-0.999455443018  3.108589429115 
-0.999554221525  3.111732593351 
-0.999643124963  3.114875757586 
-0.999722152453  3.118018921822 
-0.999791303215  3.121162086058 
-0.999850576565  3.124305250293 
-0.999899971918  3.127448414529 
-0.999939488787  3.130591578765 
-0.999969126779  3.133734743001 
-0.999988885604  3.136877907236 
-0.999998765065  3.140021071472 
-0.999998765065  3.143164235708 
-0.999988885604  3.146307399943 
-0.999969126779  3.149450564179 
-0.999939488787  3.152593728415 
-0.999899971918  3.155736892650 
-0.999850576565  3.158880056886 
-0.999791303215  3.162023221122 
-0.999722152453  3.165166385358 
-0.999643124963  3.168309549593 
-0.999554221525  3.171452713829 
-0.999455443018  3.174595878065 
-0.999346790418  3.177739042300 
-0.999228264798  3.180882206536 
-0.999099867329  3.184025370772 
-0.998961599279  3.187168535008 
-0.998813462015  3.190311699243 
-0.998655457000  3.193454863479 
-0.998487585795  3.196598027715 
-0.998309850059  3.199741191950 
-0.998122251547  3.202884356186 
-0.997924792114  3.206027520422 
-0.997717473708  3.209170684658 
-0.997500298380  3.212313848893 
-0.997273268274  3.215457013129 
-0.997036385634  3.218600177365 
-0.996789652799  3.221743341600 
-0.996533072208  3.224886505836 
-0.996266646394  3.228029670072 
-0.995990377991  3.231172834307 
-0.995704269728  3.234315998543 
-0.995408324431  3.237459162779 
-0.995102545024  3.240602327015 
-0.994786934528  3.243745491250 
-0.994461496061  3.246888655486 
-0.994126232838  3.250031819722 
-0.993781148172  3.253174983957 
-0.993426245471  3.256318148193 
-0.993061528243  3.259461312429 
-0.992687000089  3.262604476665 
-0.992302664711  3.265747640900 
-0.991908525905  3.268890805136 
-0.991504587566  3.272033969372 
-0.991090853683  3.275177133607 
-0.990667328345  3.278320297843 
-0.990234015735  3.281463462079 
-0.989790920135  3.284606626314 
-0.989338045922  3.287749790550 
-0.988875397570  3.290892954786 
-0.988402979650  3.294036119022 
-0.987920796829  3.297179283257 
-0.987428853871  3.300322447493 
-0.986927155636  3.303465611729 
-0.986415707081  3.306608775964 
-0.985894513258  3.309751940200 
-0.985363579316  3.312895104436 
-0.984822910501  3.316038268672 
-0.984272512155  3.319181432907 
-0.983712389715  3.322324597143 
-0.983142548714  3.325467761379 
-0.982562994783  3.328610925614 
-0.981973733647  3.331754089850 
-0.981374771128  3.334897254086 
-0.980766113143  3.338040418322 
-0.980147765706  3.341183582557 
-0.979519734924  3.344326746793 
-0.978882027004  3.347469911029 
-0.978234648245  3.350613075264 
-0.977577605043  3.353756239500 
-0.976910903888  3.356899403736 
-0.976234551369  3.360042567971 
-0.975548554167  3.363185732207 
-0.974852919059  3.366328896443 
-0.974147652917  3.369472060679 
-0.973432762710  3.372615224914 
-0.972708255499  3.375758389150 
-0.971974138444  3.378901553386 
-0.971230418796  3.382044717621 
-0.970477103903  3.385187881857 
-0.969714201207  3.388331046093 
-0.968941718246  3.391474210329 
-0.968159662651  3.394617374564 
-0.967368042149  3.397760538800 
-0.966566864559  3.400903703036 
-0.965756137799  3.404046867271 
-0.964935869876  3.407190031507 
-0.964106068895  3.410333195743 
-0.963266743054  3.413476359979 
-0.962417900645  3.416619524214 
-0.961559550054  3.419762688450 
-0.960691699761  3.422905852686 
-0.959814358340  3.426049016921 
-0.958927534459  3.429192181157 
-0.958031236879  3.432335345393 
-0.957125474455  3.435478509628 
-0.956210256135  3.438621673864 
-0.955285590962  3.441764838100 
-0.954351488070  3.444908002336 
-0.953407956689  3.448051166571 
-0.952455006138  3.451194330807 
-0.951492645834  3.454337495043 
-0.950520885284  3.457480659278 
-0.949539734088  3.460623823514 
-0.948549201940  3.463766987750 
-0.947549298625  3.466910151986 
-0.946540034022  3.470053316221 
-0.945521418103  3.473196480457 
-0.944493460929  3.476339644693 
-0.943456172658  3.479482808928 
-0.942409563537  3.482625973164 
-0.941353643905  3.485769137400 
-0.940288424196  3.488912301635 
-0.939213914932  3.492055465871 
-0.938130126729  3.495198630107 
-0.937037070295  3.498341794343 
-0.935934756428  3.501484958578 
-0.934823196019  3.504628122814 
-0.933702400049  3.507771287050 
-0.932572379591  3.510914451285 
-0.931433145809  3.514057615521 
-0.930284709958  3.517200779757 
-0.929127083384  3.520343943993 
-0.927960277524  3.523487108228 
-0.926784303905  3.526630272464 
-0.925599174146  3.529773436700 
-0.924404899954  3.532916600935 
-0.923201493129  3.536059765171 
-0.921988965559  3.539202929407 
-0.920767329224  3.542346093643 
-0.919536596193  3.545489257878 
-0.918296778624  3.548632422114 
-0.917047888767  3.551775586350 
-0.915789938960  3.554918750585 
-0.914522941631  3.558061914821 
-0.913246909296  3.561205079057 
-0.911961854563  3.564348243292 
-0.910667790128  3.567491407528 
-0.909364728774  3.570634571764 
-0.908052683376  3.573777736000 
-0.906731666895  3.576920900235 
-0.905401692384  3.580064064471 
-0.904062772980  3.583207228707 
-0.902714921913  3.586350392942 
-0.901358152497  3.589493557178 
-0.899992478138  3.592636721414 
-0.898617912327  3.595779885650 
-0.897234468644  3.598923049885 
-0.895842160758  3.602066214121 
-0.894441002423  3.605209378357 
-0.893031007481  3.608352542592 
-0.891612189864  3.611495706828 
-0.890184563588  3.614638871064 
-0.888748142758  3.617782035300 
-0.887302941564  3.620925199535 
-0.885848974284  3.624068363771 
-0.884386255283  3.627211528007 
-0.882914799011  3.630354692242 
-0.881434620007  3.633497856478 
-0.879945732892  3.636641020714 
-0.878448152377  3.639784184949 
-0.876941893258  3.642927349185 
-0.875426970414  3.646070513421 
-0.873903398813  3.649213677657 
-0.872371193506  3.652356841892 
-0.870830369632  3.655500006128 
-0.869280942412  3.658643170364 
-0.867722927155  3.661786334599 
-0.866156339252  3.664929498835 
-0.864581194180  3.668072663071 
-0.862997507502  3.671215827307 
-0.861405294863  3.674358991542 
-0.859804571993  3.677502155778 
-0.858195354707  3.680645320014 
-0.856577658903  3.683788484249 
-0.854951500563  3.686931648485 
-0.853316895752  3.690074812721 
-0.851673860620  3.693217976956 
-0.850022411399  3.696361141192 
-0.848362564404  3.699504305428 
-0.846694336034  3.702647469664 
-0.845017742770  3.705790633899 
-0.843332801175  3.708933798135 
-0.841639527897  3.712076962371 
-0.839937939663  3.715220126606 
-0.838228053285  3.718363290842 
-0.836509885655  3.721506455078 
-0.834783453749  3.724649619314 
-0.833048774621  3.727792783549 
-0.831305865410  3.730935947785 
-0.829554743336  3.734079112021 
-0.827795425697  3.737222276256 
-0.826027929876  3.740365440492 
-0.824252273333  3.743508604728 
-0.822468473613  3.746651768964 
-0.820676548337  3.749794933199 
-0.818876515209  3.752938097435 
-0.817068392012  3.756081261671 
-0.815252196610  3.759224425906 
-0.813427946946  3.762367590142 
-0.811595661042  3.765510754378 
-0.809755357000  3.768653918613 
-0.807907053002  3.771797082849 
-0.806050767308  3.774940247085 
-0.804186518257  3.778083411321 
-0.802314324267  3.781226575556 
-0.800434203833  3.784369739792 
-0.798546175532  3.787512904028 
-0.796650258014  3.790656068263 
-0.794746470012  3.793799232499 
-0.792834830333  3.796942396735 
-0.790915357864  3.800085560971 
-0.788988071568  3.803228725206 
-0.787052990485  3.806371889442 
-0.785110133733  3.809515053678 
-0.783159520507  3.812658217913 
-0.781201170077  3.815801382149 
-0.779235101790  3.818944546385 
-0.777261335072  3.822087710620 
-0.775279889421  3.825230874856 
-0.773290784413  3.828374039092 
-0.771294039699  3.831517203328 
-0.769289675007  3.834660367563 
-0.767277710137  3.837803531799 
-0.765258164968  3.840946696035 
-0.763231059452  3.844089860270 
-0.761196413614  3.847233024506 
-0.759154247557  3.850376188742 
-0.757104581456  3.853519352978 
-0.755047435560  3.856662517213 
-0.752982830194  3.859805681449 
-0.750910785754  3.862948845685 
-0.748831322710  3.866092009920 
-0.746744461608  3.869235174156 
-0.744650223063  3.872378338392 
-0.742548627767  3.875521502628 
-0.740439696481  3.878664666863 
-0.738323450041  3.881807831099 
-0.736199909355  3.884950995335 
-0.734069095401  3.888094159570 
-0.731931029231  3.891237323806 
-0.729785731968  3.894380488042 
-0.727633224806  3.897523652277 
-0.725473529011  3.900666816513 
-0.723306665920  3.903809980749 
-0.721132656940  3.906953144985 
-0.718951523549  3.910096309220 
-0.716763287296  3.913239473456 
-0.714567969799  3.916382637692 
-0.712365592747  3.919525801927 
-0.710156177899  3.922668966163 
-0.707939747081  3.925812130399 
-0.705716322191  3.928955294635 
-0.703485925196  3.932098458870 
-0.701248578130  3.935241623106 
-0.699004303098  3.938384787342 
-0.696753122271  3.941527951577 
-0.694495057891  3.944671115813 
-0.692230132265  3.947814280049 
-0.689958367771  3.950957444285 
-0.687679786850  3.954100608520 
-0.685394412016  3.957243772756 
-0.683102265846  3.960386936992 
-0.680803370986  3.963530101227 
-0.678497750146  3.966673265463 
-0.676185426107  3.969816429699 
-0.673866421711  3.972959593934 
-0.671540759871  3.976102758170 
-0.669208463561  3.979245922406 
-0.666869555824  3.982389086642 
-0.664524059767  3.985532250877 
-0.662171998562  3.988675415113 
-0.659813395447  3.991818579349 
-0.657448273723  3.994961743584 
-0.655076656757  3.998104907820 
-0.652698567978  4.001248072056 
-0.650314030881  4.004391236292 
-0.647923069024  4.007534400527 
-0.645525706028  4.010677564763 
-0.643121965578  4.013820728999 
-0.640711871422  4.016963893234 
-0.638295447370  4.020107057470 
-0.635872717296  4.023250221706 
-0.633443705134  4.026393385941 
-0.631008434881  4.029536550177 
-0.628566930598  4.032679714413 
-0.626119216405  4.035822878649 
-0.623665316483  4.038966042884 
-0.621205255077  4.042109207120 
-0.618739056490  4.045252371356 
-0.616266745087  4.048395535591 
-0.613788345293  4.051538699827 
-0.611303881593  4.054681864063 
-0.608813378534  4.057825028299 
-0.606316860718  4.060968192534 
-0.603814352812  4.064111356770 
-0.601305879538  4.067254521006 
-0.598791465678  4.070397685241 
-0.596271136074  4.073540849477 
-0.593744915625  4.076684013713 
-0.591212829289  4.079827177949 
-0.588674902082  4.082970342184 
-0.586131159077  4.086113506420 
-0.583581625405  4.089256670656 
-0.581026326254  4.092399834891 
-0.578465286869  4.095542999127 
-0.575898532551  4.098686163363 
-0.573326088659  4.101829327598 
-0.570747980608  4.104972491834 
-0.568164233867  4.108115656070 
-0.565574873962  4.111258820306 
-0.562979926476  4.114401984541 
-0.560379417045  4.117545148777 
-0.557773371360  4.120688313013 
-0.555161815168  4.123831477248 
-0.552544774269  4.126974641484 
-0.549922274520  4.130117805720 
-0.547294341828  4.133260969956 
-0.544661002156  4.136404134191 
-0.542022281520  4.139547298427 
-0.539378205990  4.142690462663 
-0.536728801687  4.145833626898 
-0.534074094786  4.148976791134 
-0.531414111515  4.152119955370 
-0.528748878152  4.155263119606 
-0.526078421028  4.158406283841 
-0.523402766527  4.161549448077 
-0.520721941082  4.164692612313 
-0.518035971179  4.167835776548 
-0.515344883353  4.170978940784 
-0.512648704192  4.174122105020 
-0.509947460331  4.177265269255 
-0.507241178457  4.180408433491 
-0.504529885308  4.183551597727 
-0.501813607670  4.186694761963 
-0.499092372377  4.189837926198 
-0.496366206315  4.192981090434 
-0.493635136416  4.196124254670 
-0.490899189662  4.199267418905 
-0.488158393082  4.202410583141 
-0.485412773755  4.205553747377 
-0.482662358805  4.208696911613 
-0.479907175405  4.211840075848 
-0.477147250775  4.214983240084 
-0.474382612181  4.218126404320 
-0.471613286938  4.221269568555 
-0.468839302403  4.224412732791 
-0.466060685983  4.227555897027 
-0.463277465129  4.230699061262 
-0.460489667337  4.233842225498 
-0.457697320151  4.236985389734 
-0.454900451155  4.240128553970 
-0.452099087983  4.243271718205 
-0.449293258310  4.246414882441 
-0.446482989857  4.249558046677 
-0.443668310386  4.252701210912 
-0.440849247706  4.255844375148 
-0.438025829668  4.258987539384 
-0.435198084166  4.262130703620 
-0.432366039135  4.265273867855 
-0.429529722556  4.268417032091 
-0.426689162450  4.271560196327 
-0.423844386879  4.274703360562 
-0.420995423949  4.277846524798 
-0.418142301806  4.280989689034 
-0.415285048637  4.284132853270 
-0.412423692671  4.287276017505 
-0.409558262176  4.290419181741 
-0.406688785461  4.293562345977 
-0.403815290875  4.296705510212 
-0.400937806806  4.299848674448 
-0.398056361684  4.302991838684 
-0.395170983974  4.306135002919 
-0.392281702183  4.309278167155 
-0.389388544855  4.312421331391 
-0.386491540574  4.315564495627 
-0.383590717959  4.318707659862 
-0.380686105671  4.321850824098 
-0.377777732404  4.324993988334 
-0.374865626892  4.328137152569 
-0.371949817906  4.331280316805 
-0.369030334251  4.334423481041 
-0.366107204770  4.337566645277 
-0.363180458344  4.340709809512 
-0.360250123885  4.343852973748 
-0.357316230346  4.346996137984 
-0.354378806710  4.350139302219 
-0.351437881998  4.353282466455 
-0.348493485265  4.356425630691 
-0.345545645600  4.359568794927 
-0.342594392126  4.362711959162 
-0.339639753999  4.365855123398 
-0.336681760411  4.368998287634 
-0.333720440585  4.372141451869 
-0.330755823776  4.375284616105 
-0.327787939274  4.378427780341 
-0.324816816400  4.381570944576 
-0.321842484506  4.384714108812 
-0.318864972979  4.387857273048 
-0.315884311233  4.391000437284 
-0.312900528717  4.394143601519 
-0.309913654909  4.397286765755 
-0.306923719317  4.400429929991 
-0.303930751480  4.403573094226 
-0.300934780967  4.406716258462 
-0.297935837377  4.409859422698 
-0.294933950338  4.413002586934 
-0.291929149507  4.416145751169 
-0.288921464570  4.419288915405 
-0.285910925241  4.422432079641 
-0.282897561263  4.425575243876 
-0.279881402405  4.428718408112 
-0.276862478467  4.431861572348 
-0.273840819274  4.435004736583 
-0.270816454677  4.438147900819 
-0.267789414556  4.441291065055 
-0.264759728817  4.444434229291 
-0.261727427392  4.447577393526 
-0.258692540237  4.450720557762 
-0.255655097336  4.453863721998 
-0.252615128698  4.457006886233 
-0.249572664355  4.460150050469 
-0.246527734365  4.463293214705 
-0.243480368812  4.466436378941 
-0.240430597800  4.469579543176 
-0.237378451461  4.472722707412 
-0.234323959948  4.475865871648 
-0.231267153438  4.479009035883 
-0.228208062130  4.482152200119 
-0.225146716246  4.485295364355 
-0.222083146032  4.488438528591 
-0.219017381753  4.491581692826 
-0.215949453698  4.494724857062 
-0.212879392175  4.497868021298 
-0.209807227517  4.501011185533 
-0.206732990074  4.504154349769 
-0.203656710217  4.507297514005 
-0.200578418340  4.510440678240 
-0.197498144853  4.513583842476 
-0.194415920189  4.516727006712 
-0.191331774798  4.519870170948 
-0.188245739149  4.523013335183 
-0.185157843732  4.526156499419 
-0.182068119054  4.529299663655 
-0.178976595637  4.532442827890 
-0.175883304027  4.535585992126 
-0.172788274782  4.538729156362 
-0.169691538480  4.541872320598 
-0.166593125715  4.545015484833 
-0.163493067097  4.548158649069 
-0.160391393254  4.551301813305 
-0.157288134829  4.554444977540 
-0.154183322479  4.557588141776 
-0.151076986880  4.560731306012 
-0.147969158720  4.563874470248 
-0.144859868702  4.567017634483 
-0.141749147545  4.570160798719 
-0.138637025981  4.573303962955 
-0.135523534757  4.576447127190 
-0.132408704631  4.579590291426 
-0.129292566377  4.582733455662 
-0.126175150781  4.585876619897 
-0.123056488640  4.589019784133 
-0.119936610766  4.592162948369 
-0.116815547982  4.595306112605 
-0.113693331121  4.598449276840 
-0.110569991031  4.601592441076 
-0.107445558567  4.604735605312 
-0.104320064597  4.607878769547 
-0.101193540001  4.611021933783 
-0.098066015665  4.614165098019 
-0.094937522489  4.617308262255 
-0.091808091380  4.620451426490 
-0.088677753256  4.623594590726 
-0.085546539042  4.626737754962 
-0.082414479673  4.629880919197 
-0.079281606092  4.633024083433 
-0.076147949252  4.636167247669 
-0.073013540109  4.639310411904 
-0.069878409631  4.642453576140 
-0.066742588791  4.645596740376 
-0.063606108570  4.648739904612 
-0.060468999954  4.651883068847 
-0.057331293936  4.655026233083 
-0.054193021515  4.658169397319 
-0.051054213695  4.661312561554 
-0.047914901487  4.664455725790 
-0.044775115905  4.667598890026 
-0.041634887968  4.670742054262 
-0.038494248700  4.673885218497 
-0.035353229130  4.677028382733 
-0.032211860288  4.680171546969 
-0.029070173210  4.683314711204 
-0.025928198934  4.686457875440 
-0.022785968501  4.689601039676 
-0.019643512955  4.692744203912 
-0.016500863341  4.695887368147 
-0.013358050707  4.699030532383 
-0.010215106103  4.702173696619 
-0.007072060579  4.705316860854 
-0.003928945186  4.708460025090 
-0.000785790978  4.711603189326 
0.002357370993  4.714746353561 
0.005500509675  4.717889517797 
0.008643594015  4.721032682033 
0.011786592961  4.724175846269 
0.014929475461  4.727319010504 
0.018072210466  4.730462174740 
0.021214766927  4.733605338976 
0.024357113797  4.736748503211 
0.027499220032  4.739891667447 
0.030641054589  4.743034831683 
0.033782586428  4.746177995919 
0.036923784513  4.749321160154 
0.040064617811  4.752464324390 
0.043205055292  4.755607488626 
0.046345065929  4.758750652861 
0.049484618701  4.761893817097 
0.052623682592  4.765036981333 
0.055762226588  4.768180145569 
0.058900219683  4.771323309804 
0.062037630874  4.774466474040 
0.065174429167  4.777609638276 
0.068310583570  4.780752802511 
0.071446063101  4.783895966747 
0.074580836783  4.787039130983 
0.077714873645  4.790182295218 
0.080848142725  4.793325459454 
0.083980613068  4.796468623690 
0.087112253726  4.799611787926 
0.090243033762  4.802754952161 
0.093372922244  4.805898116397 
0.096501888251  4.809041280633 
0.099629900869  4.812184444868 
0.102756929197  4.815327609104 
0.105882942341  4.818470773340 
0.109007909417  4.821613937576 
0.112131799552  4.824757101811 
0.115254581884  4.827900266047 
0.118376225561  4.831043430283 
0.121496699744  4.834186594518 
0.124615973603  4.837329758754 
0.127734016322  4.840472922990 
0.130850797096  4.843616087225 
0.133966285134  4.846759251461 
0.137080449655  4.849902415697 
0.140193259893  4.853045579933 
0.143304685096  4.856188744168 
0.146414694524  4.859331908404 
0.149523257452  4.862475072640 
0.152630343168  4.865618236875 
0.155735920978  4.868761401111 
0.158839960198  4.871904565347 
0.161942430164  4.875047729583 
0.165043300224  4.878190893818 
0.168142539742  4.881334058054 
0.171240118101  4.884477222290 
0.174336004698  4.887620386525 
0.177430168947  4.890763550761 
0.180522580279  4.893906714997 
0.183613208143  4.897049879233 
0.186702022006  4.900193043468 
0.189788991351  4.903336207704 
0.192874085680  4.906479371940 
0.195957274515  4.909622536175 
0.199038527396  4.912765700411 
0.202117813881  4.915908864647 
0.205195103548  4.919052028882 
0.208270365996  4.922195193118 
0.211343570842  4.925338357354 
0.214414687725  4.928481521590 
0.217483686303  4.931624685825 
0.220550536258  4.934767850061 
0.223615207289  4.937911014297 
0.226677669120  4.941054178532 
0.229737891495  4.944197342768 
0.232795844181  4.947340507004 
0.235851496966  4.950483671240 
0.238904819663  4.953626835475 
0.241955782106  4.956769999711 
0.245004354153  4.959913163947 
0.248050505686  4.963056328182 
0.251094206611  4.966199492418 
0.254135426858  4.969342656654 
0.257174136380  4.972485820889 
0.260210305157  4.975628985125 
0.263243903194  4.978772149361 
0.266274900519  4.981915313597 
0.269303267189  4.985058477832 
0.272328973284  4.988201642068 
0.275351988912  4.991344806304 
0.278372284208  4.994487970539 
0.281389829332  4.997631134775 
0.284404594473  5.000774299011 
0.287416549846  5.003917463247 
0.290425665696  5.007060627482 
0.293431912292  5.010203791718 
0.296435259936  5.013346955954 
0.299435678956  5.016490120189 
0.302433139709  5.019633284425 
0.305427612581  5.022776448661 
0.308419067990  5.025919612897 
0.311407476381  5.029062777132 
0.314392808230  5.032205941368 
0.317375034044  5.035349105604 
0.320354124359  5.038492269839 
0.323330049745  5.041635434075 
0.326302780800  5.044778598311 
0.329272288155  5.047921762546 
0.332238542473  5.051064926782 
0.335201514450  5.054208091018 
0.338161174812  5.057351255254 
0.341117494320  5.060494419489 
0.344070443767  5.063637583725 
0.347019993979  5.066780747961 
0.349966115817  5.069923912196 
0.352908780173  5.073067076432 
0.355847957977  5.076210240668 
0.358783620190  5.079353404904 
0.361715737810  5.082496569139 
0.364644281869  5.085639733375 
0.367569223434  5.088782897611 
0.370490533610  5.091926061846 
0.373408183534  5.095069226082 
0.376322144381  5.098212390318 
0.379232387365  5.101355554554 
0.382138883732  5.104498718789 
0.385041604768  5.107641883025 
0.387940521796  5.110785047261 
0.390835606175  5.113928211496 
0.393726829305  5.117071375732 
0.396614162621  5.120214539968 
0.399497577599  5.123357704203 
0.402377045750  5.126500868439 
0.405252538628  5.129644032675 
0.408124027825  5.132787196911 
0.410991484971  5.135930361146 
0.413854881738  5.139073525382 
0.416714189837  5.142216689618 
0.419569381018  5.145359853853 
0.422420427076  5.148503018089 
0.425267299842  5.151646182325 
0.428109971191  5.154789346561 
0.430948413039  5.157932510796 
0.433782597344  5.161075675032 
0.436612496105  5.164218839268 
0.439438081365  5.167362003503 
0.442259325208  5.170505167739 
0.445076199761  5.173648331975 
0.447888677197  5.176791496210 
0.450696729728  5.179934660446 
0.453500329613  5.183077824682 
0.456299449153  5.186220988918 
0.459094060695  5.189364153153 
0.461884136630  5.192507317389 
0.464669649393  5.195650481625 
0.467450571464  5.198793645860 
0.470226875370  5.201936810096 
0.472998533682  5.205079974332 
0.475765519018  5.208223138568 
0.478527804041  5.211366302803 
0.481285361461  5.214509467039 
0.484038164035  5.217652631275 
0.486786184568  5.220795795510 
0.489529395909  5.223938959746 
0.492267770957  5.227082123982 
0.495001282660  5.230225288218 
0.497729904010  5.233368452453 
0.500453608051  5.236511616689 
0.503172367874  5.239654780925 
0.505886156619  5.242797945160 
0.508594947476  5.245941109396 
0.511298713682  5.249084273632 
0.513997428526  5.252227437867 
0.516691065346  5.255370602103 
0.519379597531  5.258513766339 
0.522062998519  5.261656930575 
0.524741241799  5.264800094810 
0.527414300912  5.267943259046 
0.530082149450  5.271086423282 
0.532744761056  5.274229587517 
0.535402109423  5.277372751753 
0.538054168300  5.280515915989 
0.540700911486  5.283659080225 
0.543342312831  5.286802244460 
0.545978346240  5.289945408696 
0.548608985670  5.293088572932 
0.551234205133  5.296231737167 
0.553853978692  5.299374901403 
0.556468280466  5.302518065639 
0.559077084626  5.305661229875 
0.561680365399  5.308804394110 
0.564278097066  5.311947558346 
0.566870253962  5.315090722582 
0.569456810479  5.318233886817 
0.572037741063  5.321377051053 
0.574613020215  5.324520215289 
0.577182622493  5.327663379524 
0.579746522511  5.330806543760 
0.582304694938  5.333949707996 
0.584857114502  5.337092872232 
0.587403755985  5.340236036467 
0.589944594229  5.343379200703 
0.592479604131  5.346522364939 
0.595008760647  5.349665529174 
0.597532038789  5.352808693410 
0.600049413630  5.355951857646 
0.602560860298  5.359095021882 
0.605066353983  5.362238186117 
0.607565869930  5.365381350353 
0.610059383447  5.368524514589 
0.612546869899  5.371667678824 
0.615028304710  5.374810843060 
0.617503663365  5.377954007296 
0.619972921410  5.381097171531 
0.622436054448  5.384240335767 
0.624893038146  5.387383500003 
0.627343848230  5.390526664239 
0.629788460488  5.393669828474 
0.632226850767  5.396812992710 
0.634658994977  5.399956156946 
0.637084869091  5.403099321181 
0.639504449143  5.406242485417 
0.641917711227  5.409385649653 
0.644324631502  5.412528813889 
0.646725186189  5.415671978124 
0.649119351572  5.418815142360 
0.651507103998  5.421958306596 
0.653888419877  5.425101470831 
0.656263275682  5.428244635067 
0.658631647952  5.431387799303 
0.660993513289  5.434530963539 
0.663348848357  5.437674127774 
0.665697629889  5.440817292010 
0.668039834678  5.443960456246 
0.670375439586  5.447103620481 
0.672704421537  5.450246784717 
0.675026757523  5.453389948953 
0.677342424600  5.456533113188 
0.679651399891  5.459676277424 
0.681953660584  5.462819441660 
0.684249183934  5.465962605896 
0.686537947263  5.469105770131 
0.688819927958  5.472248934367 
0.691095103475  5.475392098603 
0.693363451337  5.478535262838 
0.695624949133  5.481678427074 
0.697879574521  5.484821591310 
0.700127305226  5.487964755546 
0.702368119042  5.491107919781 
0.704601993831  5.494251084017 
0.706828907524  5.497394248253 
0.709048838119  5.500537412488 
0.711261763685  5.503680576724 
0.713467662360  5.506823740960 
0.715666512349  5.509966905196 
0.717858291931  5.513110069431 
0.720042979451  5.516253233667 
0.722220553326  5.519396397903 
0.724390992041  5.522539562138 
0.726554274156  5.525682726374 
0.728710378297  5.528825890610 
0.730859283163  5.531969054845 
0.733000967524  5.535112219081 
0.735135410222  5.538255383317 
0.737262590169  5.541398547553 
0.739382486351  5.544541711788 
0.741495077822  5.547684876024 
0.743600343713  5.550828040260 
0.745698263224  5.553971204495 
0.747788815629  5.557114368731 
0.749871980275  5.560257532967 
0.751947736580  5.563400697203 
0.754016064038  5.566543861438 
0.756076942214  5.569687025674 
0.758130350748  5.572830189910 
0.760176269354  5.575973354145 
0.762214677819  5.579116518381 
0.764245556003  5.582259682617 
0.766268883845  5.585402846852 
0.768284641353  5.588546011088 
0.770292808614  5.591689175324 
0.772293365788  5.594832339560 
0.774286293110  5.597975503795 
0.776271570891  5.601118668031 
0.778249179518  5.604261832267 
0.780219099453  5.607404996502 
0.782181311235  5.610548160738 
0.784135795477  5.613691324974 
0.786082532870  5.616834489210 
0.788021504182  5.619977653445 
0.789952690256  5.623120817681 
0.791876072014  5.626263981917 
0.793791630454  5.629407146152 
0.795699346650  5.632550310388 
0.797599201756  5.635693474624 
0.799491177002  5.638836638860 
0.801375253696  5.641979803095 
0.803251413225  5.645122967331 
0.805119637053  5.648266131567 
0.806979906723  5.651409295802 
0.808832203856  5.654552460038 
0.810676510154  5.657695624274 
0.812512807394  5.660838788509 
0.814341077436  5.663981952745 
0.816161302217  5.667125116981 
0.817973463754  5.670268281217 
0.819777544145  5.673411445452 
0.821573525564  5.676554609688 
0.823361390271  5.679697773924 
0.825141120600  5.682840938159 
0.826912698970  5.685984102395 
0.828676107877  5.689127266631 
0.830431329902  5.692270430867 
0.832178347702  5.695413595102 
0.833917144018  5.698556759338 
0.835647701673  5.701699923574 
0.837370003568  5.704843087809 
0.839084032688  5.707986252045 
0.840789772101  5.711129416281 
0.842487204953  5.714272580517 
0.844176314475  5.717415744752 
0.845857083980  5.720558908988 
0.847529496863  5.723702073224 
0.849193536600  5.726845237459 
0.850849186753  5.729988401695 
0.852496430964  5.733131565931 
0.854135252959  5.736274730166 
0.855765636548  5.739417894402 
0.857387565623  5.742561058638 
0.859001024161  5.745704222874 
0.860605996220  5.748847387109 
0.862202465946  5.751990551345 
0.863790417566  5.755133715581 
0.865369835391  5.758276879816 
0.866940703818  5.761420044052 
0.868503007328  5.764563208288 
0.870056730485  5.767706372524 
0.871601857941  5.770849536759 
0.873138374428  5.773992700995 
0.874666264769  5.777135865231 
0.876185513868  5.780279029466 
0.877696106715  5.783422193702 
0.879198028387  5.786565357938 
0.880691264046  5.789708522173 
0.882175798939  5.792851686409 
0.883651618399  5.795994850645 
0.885118707847  5.799138014881 
0.886577052789  5.802281179116 
0.888026638816  5.805424343352 
0.889467451607  5.808567507588 
0.890899476929  5.811710671823 
0.892322700633  5.814853836059 
0.893737108659  5.817997000295 
0.895142687033  5.821140164531 
0.896539421869  5.824283328766 
0.897927299367  5.827426493002 
0.899306305817  5.830569657238 
0.900676427594  5.833712821473 
0.902037651163  5.836855985709 
0.903389963074  5.839999149945 
0.904733349969  5.843142314181 
0.906067798574  5.846285478416 
0.907393295707  5.849428642652 
0.908709828272  5.852571806888 
0.910017383263  5.855714971123 
0.911315947761  5.858858135359 
0.912605508938  5.862001299595 
0.913886054053  5.865144463830 
0.915157570455  5.868287628066 
0.916420045583  5.871430792302 
0.917673466963  5.874573956538 
0.918917822212  5.877717120773 
0.920153099038  5.880860285009 
0.921379285235  5.884003449245 
0.922596368691  5.887146613480 
0.923804337380  5.890289777716 
0.925003179369  5.893432941952 
0.926192882814  5.896576106188 
0.927373435961  5.899719270423 
0.928544827147  5.902862434659 
0.929707044799  5.906005598895 
0.930860077435  5.909148763130 
0.932003913664  5.912291927366 
0.933138542185  5.915435091602 
0.934263951789  5.918578255837 
0.935380131357  5.921721420073 
0.936487069862  5.924864584309 
0.937584756368  5.928007748545 
0.938673180031  5.931150912780 
0.939752330097  5.934294077016 
0.940822195905  5.937437241252 
0.941882766885  5.940580405487 
0.942934032560  5.943723569723 
0.943975982543  5.946866733959 
0.945008606540  5.950009898195 
0.946031894350  5.953153062430 
0.947045835864  5.956296226666 
0.948050421063  5.959439390902 
0.949045640024  5.962582555137 
0.950031482913  5.965725719373 
0.951007939992  5.968868883609 
0.951975001614  5.972012047845 
0.952932658223  5.975155212080 
0.953880900360  5.978298376316 
0.954819718657  5.981441540552 
0.955749103837  5.984584704787 
0.956669046719  5.987727869023 
0.957579538216  5.990871033259 
0.958480569330  5.994014197494 
0.959372131162  5.997157361730 
0.960254214902  6.000300525966 
0.961126811837  6.003443690202 
0.961989913344  6.006586854437 
0.962843510899  6.009730018673 
0.963687596066  6.012873182909 
0.964522160508  6.016016347144 
0.965347195978  6.019159511380 
0.966162694327  6.022302675616 
0.966968647497  6.025445839852 
0.967765047527  6.028589004087 
0.968551886547  6.031732168323 
0.969329156785  6.034875332559 
0.970096850561  6.038018496794 
0.970854960292  6.041161661030 
0.971603478487  6.044304825266 
0.972342397751  6.047447989502 
0.973071710785  6.050591153737 
0.973791410382  6.053734317973 
0.974501489434  6.056877482209 
0.975201940924  6.060020646444 
0.975892757932  6.063163810680 
0.976573933634  6.066306974916 
0.977245461300  6.069450139151 
0.977907334296  6.072593303387 
0.978559546082  6.075736467623 
0.979202090215  6.078879631859 
0.979834960347  6.082022796094 
0.980458150226  6.085165960330 
0.981071653695  6.088309124566 
0.981675464693  6.091452288801 
0.982269577254  6.094595453037 
0.982853985510  6.097738617273 
0.983428683685  6.100881781509 
0.983993666103  6.104024945744 
0.984548927182  6.107168109980 
0.985094461436  6.110311274216 
0.985630263476  6.113454438451 
0.986156328008  6.116597602687 
0.986672649835  6.119740766923 
0.987179223855  6.122883931158 
0.987676045065  6.126027095394 
0.988163108556  6.129170259630 
0.988640409516  6.132313423866 
0.989107943229  6.135456588101 
0.989565705077  6.138599752337 
0.990013690537  6.141742916573 
0.990451895183  6.144886080808 
0.990880314686  6.148029245044 
0.991298944814  6.151172409280 
0.991707781430  6.154315573516 
0.992106820495  6.157458737751 
0.992496058068  6.160601901987 
0.992875490303  6.163745066223 
0.993245113450  6.166888230458 
0.993604923859  6.170031394694 
0.993954917975  6.173174558930 
0.994295092339  6.176317723166 
0.994625443592  6.179460887401 
0.994945968469  6.182604051637 
0.995256663805  6.185747215873 
0.995557526528  6.188890380108 
0.995848553668  6.192033544344 
0.996129742348  6.195176708580 
0.996401089792  6.198319872815 
0.996662593317  6.201463037051 
0.996914250341  6.204606201287 
0.997156058377  6.207749365523 
0.997388015037  6.210892529758 
0.997610118028  6.214035693994 
0.997822365157  6.217178858230 
0.998024754326  6.220322022465 
0.998217283537  6.223465186701 
0.998399950886  6.226608350937 
0.998572754570  6.229751515173 
0.998735692881  6.232894679408 
0.998888764210  6.236037843644 
0.999031967043  6.239181007880 
0.999165299967  6.242324172115 
0.999288761664  6.245467336351 
0.999402350915  6.248610500587 
0.999506066596  6.251753664823 
0.999599907685  6.254896829058 
0.999683873252  6.258039993294 
0.999757962470  6.261183157530 
0.999822174605  6.264326321765 
0.999876509024  6.267469486001 
0.999920965190  6.270612650237 
0.999955542663  6.273755814472 
0.999980241102  6.276898978708 
0.999995060263  6.280042142944 
1.000000000000  6.283185307180 
