0.000000000000  0.000000000000 
0.003143159060  0.003143164236 
0.006286287068  0.006286328471 
0.009429352970  0.009429492707 
0.012572325715  0.012572656943 
0.015715174253  0.015715821179 
0.018857867532  0.018858985414 
0.022000374506  0.022002149650 
0.025142664128  0.025145313886 
0.028284705353  0.028288478121 
0.031426467141  0.031431642357 
0.034567918451  0.034574806593 
0.037709028249  0.037717970828 
0.040849765501  0.040861135064 
0.043990099179  0.044004299300 
0.047129998259  0.047147463536 
0.050269431718  0.050290627771 
0.053408368542  0.053433792007 
0.056546777720  0.056576956243 
0.059684628245  0.059720120478 
0.062821889117  0.062863284714 
0.065958529343  0.066006448950 
0.069094517933  0.069149613186 
0.072229823905  0.072292777421 
0.075364416285  0.075435941657 
0.078498264104  0.078579105893 
0.081631336401  0.081722270128 
0.084763602224  0.084865434364 
0.087895030627  0.088008598600 
0.091025590674  0.091151762836 
0.094155251435  0.094294927071 
0.097283981993  0.097438091307 
0.100411751436  0.100581255543 
0.103538528863  0.103724419778 
0.106664283385  0.106867584014 
0.109788984119  0.110010748250 
0.112912600196  0.113153912485 
0.116035100757  0.116297076721 
0.119156454951  0.119440240957 
0.122276631943  0.122583405193 
0.125395600906  0.125726569428 
0.128513331026  0.128869733664 
0.131629791502  0.132012897900 
0.134744951545  0.135156062135 
0.137858780380  0.138299226371 
0.140971247242  0.141442390607 
0.144082321382  0.144585554843 
0.147191972065  0.147728719078 
0.150300168569  0.150871883314 
0.153406880186  0.154015047550 
0.156512076224  0.157158211785 
0.159615726005  0.160301376021 
0.162717798867  0.163444540257 
0.165818264163  0.166587704493 
0.168917091261  0.169730868728 
0.172014249548  0.172874032964 
0.175109708425  0.176017197200 
0.178203437310  0.179160361435 
0.181295405638  0.182303525671 
0.184385582864  0.185446689907 
0.187473938457  0.188589854142 
0.190560441907  0.191733018378 
0.193645062719  0.194876182614 
0.196727770421  0.198019346850 
0.199808534555  0.201162511085 
0.202887324687  0.204305675321 
0.205964110399  0.207448839557 
0.209038861294  0.210592003792 
0.212111546995  0.213735168028 
0.215182137145  0.216878332264 
0.218250601410  0.220021496500 
0.221316909473  0.223164660735 
0.224381031042  0.226307824971 
0.227442935844  0.229450989207 
0.230502593631  0.232594153442 
0.233559974172  0.235737317678 
0.236615047265  0.238880481914 
0.239667782725  0.242023646149 
0.242718150394  0.245166810385 
0.245766120135  0.248309974621 
0.248811661837  0.251453138857 
0.251854745410  0.254596303092 
0.254895340792  0.257739467328 
0.257933417941  0.260882631564 
0.260968946844  0.264025795799 
0.264001897512  0.267168960035 
0.267032239980  0.270312124271 
0.270059944309  0.273455288507 
0.273084980589  0.276598452742 
0.276107318933  0.279741616978 
0.279126929483  0.282884781214 
0.282143782405  0.286027945449 
0.285157847895  0.289171109685 
0.288169096176  0.292314273921 
0.291177497498  0.295457438157 
0.294183022140  0.298600602392 
0.297185640408  0.301743766628 
0.300185322639  0.304886930864 
0.303182039197  0.308030095099 
0.306175760476  0.311173259335 
0.309166456900  0.314316423571 
0.312154098922  0.317459587806 
0.315138657026  0.320602752042 
0.318120101726  0.323745916278 
0.321098403567  0.326889080514 
0.324073533125  0.330032244749 
0.327045461007  0.333175408985 
0.330014157852  0.336318573221 
0.332979594331  0.339461737456 
0.335941741147  0.342604901692 
0.338900569036  0.345748065928 
0.341856048765  0.348891230164 
0.344808151137  0.352034394399 
0.347756846986  0.355177558635 
0.350702107181  0.358320722871 
0.353643902623  0.361463887106 
0.356582204250  0.364607051342 
0.359516983033  0.367750215578 
0.362448209977  0.370893379814 
0.365375856123  0.374036544049 
0.368299892549  0.377179708285 
0.371220290366  0.380322872521 
0.374137020722  0.383466036756 
0.377050054801  0.386609200992 
0.379959363824  0.389752365228 
0.382864919049  0.392895529463 
0.385766691770  0.396038693699 
0.388664653319  0.399181857935 
0.391558775066  0.402325022171 
0.394449028419  0.405468186406 
0.397335384823  0.408611350642 
0.400217815763  0.411754514878 
0.403096292762  0.414897679113 
0.405970787382  0.418040843349 
0.408841271224  0.421184007585 
0.411707715929  0.424327171821 
0.414570093179  0.427470336056 
0.417428374696  0.430613500292 
0.420282532239  0.433756664528 
0.423132537613  0.436899828763 
0.425978362660  0.440042992999 
0.428819979265  0.443186157235 
0.431657359354  0.446329321470 
0.434490474897  0.449472485706 
0.437319297902  0.452615649942 
0.440143800423  0.455758814178 
0.442963954555  0.458901978413 
0.445779732436  0.462045142649 
0.448591106249  0.465188306885 
0.451398048217  0.468331471120 
0.454200530611  0.471474635356 
0.456998525743  0.474617799592 
0.459792005970  0.477760963828 
0.462580943694  0.480904128063 
0.465365311362  0.484047292299 
0.468145081466  0.487190456535 
0.470920226543  0.490333620770 
0.473690719176  0.493476785006 
0.476456531994  0.496619949242 
0.479217637673  0.499763113478 
0.481974008934  0.502906277713 
0.484725618546  0.506049441949 
0.487472439324  0.509192606185 
0.490214444131  0.512335770420 
0.492951605877  0.515478934656 
0.495683897522  0.518622098892 
0.498411292070  0.521765263127 
0.501133762577  0.524908427363 
0.503851282147  0.528051591599 
0.506563823932  0.531194755835 
0.509271361132  0.534337920070 
0.511973867000  0.537481084306 
0.514671314836  0.540624248542 
0.517363677990  0.543767412777 
0.520050929864  0.546910577013 
0.522733043908  0.550053741249 
0.525409993626  0.553196905485 
0.528081752569  0.556340069720 
0.530748294342  0.559483233956 
0.533409592603  0.562626398192 
0.536065621057  0.565769562427 
0.538716353465  0.568912726663 
0.541361763640  0.572055890899 
0.544001825445  0.575199055134 
0.546636512799  0.578342219370 
0.549265799672  0.581485383606 
0.551889660088  0.584628547842 
0.554508068125  0.587771712077 
0.557120997915  0.590914876313 
0.559728423642  0.594058040549 
0.562330319548  0.597201204784 
0.564926659926  0.600344369020 
0.567517419126  0.603487533256 
0.570102571553  0.606630697492 
0.572682091667  0.609773861727 
0.575255953984  0.612917025963 
0.577824133075  0.616060190199 
0.580386603567  0.619203354434 
0.582943340146  0.622346518670 
0.585494317551  0.625489682906 
0.588039510581  0.628632847142 
0.590578894091  0.631776011377 
0.593112442992  0.634919175613 
0.595640132255  0.638062339849 
0.598161936906  0.641205504084 
0.600677832033  0.644348668320 
0.603187792779  0.647491832556 
0.605691794348  0.650634996791 
0.608189812001  0.653778161027 
0.610681821058  0.656921325263 
0.613167796901  0.660064489499 
0.615647714969  0.663207653734 
0.618121550762  0.666350817970 
0.620589279840  0.669493982206 
0.623050877822  0.672637146441 
0.625506320390  0.675780310677 
0.627955583285  0.678923474913 
0.630398642310  0.682066639149 
0.632835473328  0.685209803384 
0.635266052265  0.688352967620 
0.637690355107  0.691496131856 
0.640108357905  0.694639296091 
0.642520036770  0.697782460327 
0.644925367875  0.700925624563 
0.647324327457  0.704068788799 
0.649716891816  0.707211953034 
0.652103037314  0.710355117270 
0.654482740378  0.713498281506 
0.656855977496  0.716641445741 
0.659222725224  0.719784609977 
0.661582960179  0.722927774213 
0.663936659042  0.726070938448 
0.666283798560  0.729214102684 
0.668624355546  0.732357266920 
0.670958306876  0.735500431156 
0.673285629490  0.738643595391 
0.675606300397  0.741786759627 
0.677920296670  0.744929923863 
0.680227595448  0.748073088098 
0.682528173935  0.751216252334 
0.684822009403  0.754359416570 
0.687109079190  0.757502580806 
0.689389360702  0.760645745041 
0.691662831410  0.763788909277 
0.693929468854  0.766932073513 
0.696189250639  0.770075237748 
0.698442154442  0.773218401984 
0.700688158004  0.776361566220 
0.702927239136  0.779504730455 
0.705159375718  0.782647894691 
0.707384545696  0.785791058927 
0.709602727087  0.788934223163 
0.711813897977  0.792077387398 
0.714018036521  0.795220551634 
0.716215120943  0.798363715870 
0.718405129536  0.801506880105 
0.720588040665  0.804650044341 
0.722763832764  0.807793208577 
0.724932484337  0.810936372813 
0.727093973959  0.814079537048 
0.729248280276  0.817222701284 
0.731395382003  0.820365865520 
0.733535257930  0.823509029755 
0.735667886914  0.826652193991 
0.737793247887  0.829795358227 
0.739911319852  0.832938522463 
0.742022081882  0.836081686698 
0.744125513125  0.839224850934 
0.746221592800  0.842368015170 
0.748310300198  0.845511179405 
0.750391614685  0.848654343641 
0.752465515699  0.851797507877 
0.754531982749  0.854940672112 
0.756590995420  0.858083836348 
0.758642533371  0.861227000584 
0.760686576334  0.864370164820 
0.762723104113  0.867513329055 
0.764752096591  0.870656493291 
0.766773533720  0.873799657527 
0.768787395531  0.876942821762 
0.770793662127  0.880085985998 
0.772792313687  0.883229150234 
0.774783330467  0.886372314470 
0.776766692796  0.889515478705 
0.778742381078  0.892658642941 
0.780710375797  0.895801807177 
0.782670657507  0.898944971412 
0.784623206845  0.902088135648 
0.786568004518  0.905231299884 
0.788505031313  0.908374464120 
0.790434268094  0.911517628355 
0.792355695801  0.914660792591 
0.794269295451  0.917803956827 
0.796175048138  0.920947121062 
0.798072935036  0.924090285298 
0.799962937393  0.927233449534 
0.801845036538  0.930376613769 
0.803719213876  0.933519778005 
0.805585450892  0.936662942241 
0.807443729148  0.939806106477 
0.809294030285  0.942949270712 
0.811136336023  0.946092434948 
0.812970628161  0.949235599184 
0.814796888578  0.952378763419 
0.816615099231  0.955521927655 
0.818425242157  0.958665091891 
0.820227299472  0.961808256127 
0.822021253374  0.964951420362 
0.823807086139  0.968094584598 
0.825584780124  0.971237748834 
0.827354317766  0.974380913069 
0.829115681583  0.977524077305 
0.830868854173  0.980667241541 
0.832613818218  0.983810405776 
0.834350556476  0.986953570012 
0.836079051790  0.990096734248 
0.837799287083  0.993239898484 
0.839511245361  0.996383062719 
0.841214909710  0.999526226955 
0.842910263299  1.002669391191 
0.844597289378  1.005812555426 
0.846275971281  1.008955719662 
0.847946292423  1.012098883898 
0.849608236302  1.015242048134 
0.851261786500  1.018385212369 
0.852906926679  1.021528376605 
0.854543640588  1.024671540841 
0.856171912055  1.027814705076 
0.857791724994  1.030957869312 
0.859403063404  1.034101033548 
0.861005911363  1.037244197784 
0.862600253038  1.040387362019 
0.864186072676  1.043530526255 
0.865763354612  1.046673690491 
0.867332083261  1.049816854726 
0.868892243126  1.052960018962 
0.870443818794  1.056103183198 
0.871986794935  1.059246347433 
0.873521156306  1.062389511669 
0.875046887748  1.065532675905 
0.876563974188  1.068675840141 
0.878072400637  1.071819004376 
0.879572152193  1.074962168612 
0.881063214040  1.078105332848 
0.882545571447  1.081248497083 
0.884019209768  1.084391661319 
0.885484114444  1.087534825555 
0.886940271005  1.090677989791 
0.888387665062  1.093821154026 
0.889826282317  1.096964318262 
0.891256108558  1.100107482498 
0.892677129657  1.103250646733 
0.894089331577  1.106393810969 
0.895492700364  1.109536975205 
0.896887222156  1.112680139441 
0.898272883174  1.115823303676 
0.899649669730  1.118966467912 
0.901017568220  1.122109632148 
0.902376565132  1.125252796383 
0.903726647038  1.128395960619 
0.905067800601  1.131539124855 
0.906400012571  1.134682289090 
0.907723269786  1.137825453326 
0.909037559174  1.140968617562 
0.910342867749  1.144111781798 
0.911639182616  1.147254946033 
0.912926490968  1.150398110269 
0.914204780088  1.153541274505 
0.915474037345  1.156684438740 
0.916734250202  1.159827602976 
0.917985406206  1.162970767212 
0.919227492999  1.166113931448 
0.920460498308  1.169257095683 
0.921684409952  1.172400259919 
0.922899215840  1.175543424155 
0.924104903969  1.178686588390 
0.925301462429  1.181829752626 
0.926488879398  1.184972916862 
0.927667143145  1.188116081097 
0.928836242028  1.191259245333 
0.929996164500  1.194402409569 
0.931146899098  1.197545573805 
0.932288434456  1.200688738040 
0.933420759295  1.203831902276 
0.934543862429  1.206975066512 
0.935657732762  1.210118230747 
0.936762359289  1.213261394983 
0.937857731097  1.216404559219 
0.938943837365  1.219547723455 
0.940020667362  1.222690887690 
0.941088210451  1.225834051926 
0.942146456083  1.228977216162 
0.943195393805  1.232120380397 
0.944235013253  1.235263544633 
0.945265304157  1.238406708869 
0.946286256337  1.241549873105 
0.947297859707  1.244693037340 
0.948300104274  1.247836201576 
0.949292980135  1.250979365812 
0.950276477481  1.254122530047 
0.951250586596  1.257265694283 
0.952215297857  1.260408858519 
0.953170601732  1.263552022754 
0.954116488783  1.266695186990 
0.955052949666  1.269838351226 
0.955979975129  1.272981515462 
0.956897556014  1.276124679697 
0.957805683254  1.279267843933 
0.958704347879  1.282411008169 
0.959593541010  1.285554172404 
0.960473253862  1.288697336640 
0.961343477745  1.291840500876 
0.962204204060  1.294983665112 
0.963055424304  1.298126829347 
0.963897130068  1.301269993583 
0.964729313036  1.304413157819 
0.965551964987  1.307556322054 
0.966365077793  1.310699486290 
0.967168643421  1.313842650526 
0.967962653932  1.316985814762 
0.968747101481  1.320128978997 
0.969521978320  1.323272143233 
0.970287276793  1.326415307469 
0.971042989338  1.329558471704 
0.971789108490  1.332701635940 
0.972525626877  1.335844800176 
0.973252537223  1.338987964411 
0.973969832347  1.342131128647 
0.974677505162  1.345274292883 
0.975375548677  1.348417457119 
0.976063955995  1.351560621354 
0.976742720315  1.354703785590 
0.977411834931  1.357846949826 
0.978071293234  1.360990114061 
0.978721088707  1.364133278297 
0.979361214931  1.367276442533 
0.979991665583  1.370419606769 
0.980612434433  1.373562771004 
0.981223515349  1.376705935240 
0.981824902293  1.379849099476 
0.982416589324  1.382992263711 
0.982998570597  1.386135427947 
0.983570840361  1.389278592183 
0.984133392964  1.392421756418 
0.984686222848  1.395564920654 
0.985229324550  1.398708084890 
0.985762692705  1.401851249126 
0.986286322044  1.404994413361 
0.986800207394  1.408137577597 
0.987304343677  1.411280741833 
0.987798725914  1.414423906068 
0.988283349219  1.417567070304 
0.988758208806  1.420710234540 
0.989223299982  1.423853398776 
0.989678618153  1.426996563011 
0.990124158821  1.430139727247 
0.990559917583  1.433282891483 
0.990985890135  1.436426055718 
0.991402072269  1.439569219954 
0.991808459872  1.442712384190 
0.992205048930  1.445855548426 
0.992591835525  1.448998712661 
0.992968815836  1.452141876897 
0.993335986137  1.455285041133 
0.993693342802  1.458428205368 
0.994040882300  1.461571369604 
0.994378601198  1.464714533840 
0.994706496160  1.467857698075 
0.995024563944  1.471000862311 
0.995332801411  1.474144026547 
0.995631205513  1.477287190783 
0.995919773304  1.480430355018 
0.996198501932  1.483573519254 
0.996467388643  1.486716683490 
0.996726430781  1.489859847725 
0.996975625788  1.493003011961 
0.997214971200  1.496146176197 
0.997444464653  1.499289340433 
0.997664103881  1.502432504668 
0.997873886713  1.505575668904 
0.998073811076  1.508718833140 
0.998263874996  1.511861997375 
0.998444076594  1.515005161611 
0.998614414091  1.518148325847 
0.998774885804  1.521291490083 
0.998925490146  1.524434654318 
0.999066225631  1.527577818554 
0.999197090868  1.530720982790 
0.999318084564  1.533864147025 
0.999429205524  1.537007311261 
0.999530452649  1.540150475497 
0.999621824941  1.543293639732 
0.999703321495  1.546436803968 
0.999774941506  1.549579968204 
0.999836684268  1.552723132440 
0.999888549171  1.555866296675 
0.999930535701  1.559009460911 
0.999962643443  1.562152625147 
0.999984872082  1.565295789382 
0.999997221397  1.568438953618 
0.999999691266  1.571582117854 
0.999992281665  1.574725282090 
0.999974992667  1.577868446325 
0.999947824443  1.581011610561 
0.999910777260  1.584154774797 
0.999863851486  1.587297939032 
0.999807047584  1.590441103268 
0.999740366115  1.593584267504 
0.999663807737  1.596727431739 
0.999577373208  1.599870595975 
0.999481063381  1.603013760211 
0.999374879207  1.606156924447 
0.999258821736  1.609300088682 
0.999132892114  1.612443252918 
0.998997091585  1.615586417154 
0.998851421491  1.618729581389 
0.998695883272  1.621872745625 
0.998530478463  1.625015909861 
0.998355208699  1.628159074097 
0.998170075711  1.631302238332 
0.997975081328  1.634445402568 
0.997770227478  1.637588566804 
0.997555516183  1.640731731039 
0.997330949565  1.643874895275 
0.997096529843  1.647018059511 
0.996852259332  1.650161223747 
0.996598140446  1.653304387982 
0.996334175695  1.656447552218 
0.996060367687  1.659590716454 
0.995776719128  1.662733880689 
0.995483232819  1.665877044925 
0.995179911660  1.669020209161 
0.994866758648  1.672163373396 
0.994543776876  1.675306537632 
0.994210969535  1.678449701868 
0.993868339914  1.681592866104 
0.993515891397  1.684736030339 
0.993153627466  1.687879194575 
0.992781551701  1.691022358811 
0.992399667777  1.694165523046 
0.992007979467  1.697308687282 
0.991606490640  1.700451851518 
0.991195205264  1.703595015754 
0.990774127401  1.706738179989 
0.990343261212  1.709881344225 
0.989902610952  1.713024508461 
0.989452180977  1.716167672696 
0.988991975735  1.719310836932 
0.988521999773  1.722454001168 
0.988042257735  1.725597165403 
0.987552754359  1.728740329639 
0.987053494482  1.731883493875 
0.986544483037  1.735026658111 
0.986025725052  1.738169822346 
0.985497225652  1.741312986582 
0.984958990059  1.744456150818 
0.984411023590  1.747599315053 
0.983853331658  1.750742479289 
0.983285919773  1.753885643525 
0.982708793542  1.757028807761 
0.982121958665  1.760171971996 
0.981525420941  1.763315136232 
0.980919186262  1.766458300468 
0.980303260619  1.769601464703 
0.979677650095  1.772744628939 
0.979042360873  1.775887793175 
0.978397399228  1.779030957411 
0.977742771531  1.782174121646 
0.977078484251  1.785317285882 
0.976404543951  1.788460450118 
0.975720957288  1.791603614353 
0.975027731015  1.794746778589 
0.974324871982  1.797889942825 
0.973612387133  1.801033107060 
0.972890283506  1.804176271296 
0.972158568236  1.807319435532 
0.971417248551  1.810462599768 
0.970666331775  1.813605764003 
0.969905825327  1.816748928239 
0.969135736720  1.819892092475 
0.968356073563  1.823035256710 
0.967566843558  1.826178420946 
0.966768054502  1.829321585182 
0.965959714287  1.832464749418 
0.965141830899  1.835607913653 
0.964314412418  1.838751077889 
0.963477467018  1.841894242125 
0.962631002969  1.845037406360 
0.961775028632  1.848180570596 
0.960909552464  1.851323734832 
0.960034583016  1.854466899068 
0.959150128933  1.857610063303 
0.958256198951  1.860753227539 
0.957352801902  1.863896391775 
0.956439946713  1.867039556010 
0.955517642400  1.870182720246 
0.954585898076  1.873325884482 
0.953644722947  1.876469048717 
0.952694126310  1.879612212953 
0.951734117556  1.882755377189 
0.950764706171  1.885898541425 
0.949785901732  1.889041705660 
0.948797713908  1.892184869896 
0.947800152462  1.895328034132 
0.946793227250  1.898471198367 
0.945776948220  1.901614362603 
0.944751325411  1.904757526839 
0.943716368957  1.907900691075 
0.942672089083  1.911043855310 
0.941618496105  1.914187019546 
0.940555600432  1.917330183782 
0.939483412565  1.920473348017 
0.938401943096  1.923616512253 
0.937311202711  1.926759676489 
0.936211202185  1.929902840724 
0.935101952385  1.933046004960 
0.933983464271  1.936189169196 
0.932855748892  1.939332333432 
0.931718817389  1.942475497667 
0.930572680996  1.945618661903 
0.929417351034  1.948761826139 
0.928252838918  1.951904990374 
0.927079156154  1.955048154610 
0.925896314335  1.958191318846 
0.924704325149  1.961334483082 
0.923503200371  1.964477647317 
0.922292951868  1.967620811553 
0.921073591596  1.970763975789 
0.919845131602  1.973907140024 
0.918607584023  1.977050304260 
0.917360961085  1.980193468496 
0.916105275104  1.983336632732 
0.914840538485  1.986479796967 
0.913566763724  1.989622961203 
0.912283963404  1.992766125439 
0.910992150199  1.995909289674 
0.909691336871  1.999052453910 
0.908381536272  2.002195618146 
0.907062761342  2.005338782381 
0.905735025110  2.008481946617 
0.904398340693  2.011625110853 
0.903052721296  2.014768275089 
0.901698180215  2.017911439324 
0.900334730830  2.021054603560 
0.898962386612  2.024197767796 
0.897581161120  2.027340932031 
0.896191067998  2.030484096267 
0.894792120980  2.033627260503 
0.893384333888  2.036770424739 
0.891967720629  2.039913588974 
0.890542295199  2.043056753210 
0.889108071680  2.046199917446 
0.887665064242  2.049343081681 
0.886213287140  2.052486245917 
0.884752754718  2.055629410153 
0.883283481405  2.058772574389 
0.881805481716  2.061915738624 
0.880318770253  2.065058902860 
0.878823361705  2.068202067096 
0.877319270844  2.071345231331 
0.875806512532  2.074488395567 
0.874285101712  2.077631559803 
0.872755053416  2.080774724038 
0.871216382760  2.083917888274 
0.869669104945  2.087061052510 
0.868113235257  2.090204216746 
0.866548789068  2.093347380981 
0.864975781833  2.096490545217 
0.863394229093  2.099633709453 
0.861804146473  2.102776873688 
0.860205549681  2.105920037924 
0.858598454512  2.109063202160 
0.856982876843  2.112206366396 
0.855358832634  2.115349530631 
0.853726337930  2.118492694867 
0.852085408860  2.121635859103 
0.850436061634  2.124779023338 
0.848778312549  2.127922187574 
0.847112177981  2.131065351810 
0.845437674390  2.134208516045 
0.843754818321  2.137351680281 
0.842063626398  2.140494844517 
0.840364115331  2.143638008753 
0.838656301908  2.146781172988 
0.836940203003  2.149924337224 
0.835215835570  2.153067501460 
0.833483216644  2.156210665695 
0.831742363343  2.159353829931 
0.829993292866  2.162496994167 
0.828236022492  2.165640158403 
0.826470569582  2.168783322638 
0.824696951578  2.171926486874 
0.822915186003  2.175069651110 
0.821125290460  2.178212815345 
0.819327282631  2.181355979581 
0.817521180280  2.184499143817 
0.815707001250  2.187642308053 
0.813884763465  2.190785472288 
0.812054484927  2.193928636524 
0.810216183718  2.197071800760 
0.808369878000  2.200214964995 
0.806515586014  2.203358129231 
0.804653326079  2.206501293467 
0.802783116592  2.209644457702 
0.800904976031  2.212787621938 
0.799018922951  2.215930786174 
0.797124975985  2.219073950410 
0.795223153843  2.222217114645 
0.793313475316  2.225360278881 
0.791395959270  2.228503443117 
0.789470624648  2.231646607352 
0.787537490473  2.234789771588 
0.785596575842  2.237932935824 
0.783647899930  2.241076100060 
0.781691481990  2.244219264295 
0.779727341350  2.247362428531 
0.777755497414  2.250505592767 
0.775775969664  2.253648757002 
0.773788777656  2.256791921238 
0.771793941022  2.259935085474 
0.769791479471  2.263078249710 
0.767781412785  2.266221413945 
0.765763760824  2.269364578181 
0.763738543519  2.272507742417 
0.761705780881  2.275650906652 
0.759665492990  2.278794070888 
0.757617700004  2.281937235124 
0.755562422155  2.285080399359 
0.753499679747  2.288223563595 
0.751429493159  2.291366727831 
0.749351882843  2.294509892067 
0.747266869325  2.297653056302 
0.745174473204  2.300796220538 
0.743074715152  2.303939384774 
0.740967615914  2.307082549009 
0.738853196305  2.310225713245 
0.736731477216  2.313368877481 
0.734602479608  2.316512041717 
0.732466224514  2.319655205952 
0.730322733040  2.322798370188 
0.728172026363  2.325941534424 
0.726014125729  2.329084698659 
0.723849052457  2.332227862895 
0.721676827939  2.335371027131 
0.719497473633  2.338514191366 
0.717311011072  2.341657355602 
0.715117461855  2.344800519838 
0.712916847655  2.347943684074 
0.710709190212  2.351086848309 
0.708494511336  2.354230012545 
0.706272832908  2.357373176781 
0.704044176876  2.360516341016 
0.701808565258  2.363659505252 
0.699566020142  2.366802669488 
0.697316563681  2.369945833724 
0.695060218101  2.373088997959 
0.692797005691  2.376232162195 
0.690526948812  2.379375326431 
0.688250069890  2.382518490666 
0.685966391421  2.385661654902 
0.683675935964  2.388804819138 
0.681378726150  2.391947983374 
0.679074784672  2.395091147609 
0.676764134294  2.398234311845 
0.674446797842  2.401377476081 
0.672122798211  2.404520640316 
0.669792158361  2.407663804552 
0.667454901317  2.410806968788 
0.665111050170  2.413950133023 
0.662760628076  2.417093297259 
0.660403658257  2.420236461495 
0.658040163997  2.423379625731 
0.655670168647  2.426522789966 
0.653293695621  2.429665954202 
0.650910768397  2.432809118438 
0.648521410518  2.435952282673 
0.646125645589  2.439095446909 
0.643723497279  2.442238611145 
0.641314989320  2.445381775381 
0.638900145507  2.448524939616 
0.636478989696  2.451668103852 
0.634051545809  2.454811268088 
0.631617837826  2.457954432323 
0.629177889791  2.461097596559 
0.626731725811  2.464240760795 
0.624279370051  2.467383925031 
0.621820846740  2.470527089266 
0.619356180166  2.473670253502 
0.616885394679  2.476813417738 
0.614408514690  2.479956581973 
0.611925564668  2.483099746209 
0.609436569144  2.486242910445 
0.606941552708  2.489386074680 
0.604440540008  2.492529238916 
0.601933555755  2.495672403152 
0.599420624715  2.498815567388 
0.596901771715  2.501958731623 
0.594377021640  2.505101895859 
0.591846399433  2.508245060095 
0.589309930096  2.511388224330 
0.586767638686  2.514531388566 
0.584219550322  2.517674552802 
0.581665690176  2.520817717038 
0.579106083479  2.523960881273 
0.576540755519  2.527104045509 
0.573969731641  2.530247209745 
0.571393037244  2.533390373980 
0.568810697784  2.536533538216 
0.566222738774  2.539676702452 
0.563629185782  2.542819866687 
0.561030064431  2.545963030923 
0.558425400398  2.549106195159 
0.555815219416  2.552249359395 
0.553199547272  2.555392523630 
0.550578409809  2.558535687866 
0.547951832920  2.561678852102 
0.545319842556  2.564822016337 
0.542682464720  2.567965180573 
0.540039725466  2.571108344809 
0.537391650905  2.574251509045 
0.534738267197  2.577394673280 
0.532079600556  2.580537837516 
0.529415677250  2.583681001752 
0.526746523595  2.586824165987 
0.524072165962  2.589967330223 
0.521392630772  2.593110494459 
0.518707944498  2.596253658695 
0.516018133662  2.599396822930 
0.513323224839  2.602539987166 
0.510623244653  2.605683151402 
0.507918219778  2.608826315637 
0.505208176939  2.611969479873 
0.502493142909  2.615112644109 
0.499773144511  2.618255808344 
0.497048208618  2.621398972580 
0.494318362150  2.624542136816 
0.491583632078  2.627685301052 
0.488844045418  2.630828465287 
0.486099629236  2.633971629523 
0.483350410647  2.637114793759 
0.480596416809  2.640257957994 
0.477837674932  2.643401122230 
0.475074212271  2.646544286466 
0.472306056127  2.649687450702 
0.469533233847  2.652830614937 
0.466755772827  2.655973779173 
0.463973700505  2.659116943409 
0.461187044368  2.662260107644 
0.458395831945  2.665403271880 
0.455600090813  2.668546436116 
0.452799848593  2.671689600351 
0.449995132948  2.674832764587 
0.447185971588  2.677975928823 
0.444372392267  2.681119093059 
0.441554422780  2.684262257294 
0.438732090968  2.687405421530 
0.435905424714  2.690548585766 
0.433074451944  2.693691750001 
0.430239200627  2.696834914237 
0.427399698773  2.699978078473 
0.424555974435  2.703121242709 
0.421708055708  2.706264406944 
0.418855970727  2.709407571180 
0.415999747670  2.712550735416 
0.413139414755  2.715693899651 
0.410275000239  2.718837063887 
0.407406532423  2.721980228123 
0.404534039645  2.725123392359 
0.401657550284  2.728266556594 
0.398777092757  2.731409720830 
0.395892695523  2.734552885066 
0.393004387078  2.737696049301 
0.390112195956  2.740839213537 
0.387216150731  2.743982377773 
0.384316280015  2.747125542008 
0.381412612456  2.750268706244 
0.378505176742  2.753411870480 
0.375594001595  2.756555034716 
0.372679115778  2.759698198951 
0.369760548088  2.762841363187 
0.366838327358  2.765984527423 
0.363912482458  2.769127691658 
0.360983042295  2.772270855894 
0.358050035810  2.775414020130 
0.355113491979  2.778557184366 
0.352173439813  2.781700348601 
0.349229908360  2.784843512837 
0.346282926699  2.787986677073 
0.343332523945  2.791129841308 
0.340378729246  2.794273005544 
0.337421571785  2.797416169780 
0.334461080777  2.800559334016 
0.331497285469  2.803702498251 
0.328530215143  2.806845662487 
0.325559899111  2.809988826723 
0.322586366719  2.813131990958 
0.319609647343  2.816275155194 
0.316629770393  2.819418319430 
0.313646765307  2.822561483665 
0.310660661556  2.825704647901 
0.307671488642  2.828847812137 
0.304679276095  2.831990976373 
0.301684053478  2.835134140608 
0.298685850381  2.838277304844 
0.295684696425  2.841420469080 
0.292680621260  2.844563633315 
0.289673654565  2.847706797551 
0.286663826047  2.850849961787 
0.283651165441  2.853993126023 
0.280635702511  2.857136290258 
0.277617467048  2.860279454494 
0.274596488870  2.863422618730 
0.271572797824  2.866565782965 
0.268546423782  2.869708947201 
0.265517396642  2.872852111437 
0.262485746331  2.875995275672 
0.259451502798  2.879138439908 
0.256414696022  2.882281604144 
0.253375356003  2.885424768380 
0.250333512769  2.888567932615 
0.247289196372  2.891711096851 
0.244242436888  2.894854261087 
0.241193264418  2.897997425322 
0.238141709084  2.901140589558 
0.235087801037  2.904283753794 
0.232031570445  2.907426918030 
0.228973047504  2.910570082265 
0.225912262430  2.913713246501 
0.222849245462  2.916856410737 
0.219784026860  2.919999574972 
0.216716636908  2.923142739208 
0.213647105910  2.926285903444 
0.210575464191  2.929429067680 
0.207501742097  2.932572231915 
0.204425969996  2.935715396151 
0.201348178273  2.938858560387 
0.198268397337  2.942001724622 
0.195186657613  2.945144888858 
0.192102989548  2.948288053094 
0.189017423606  2.951431217329 
0.185929990272  2.954574381565 
0.182840720048  2.957717545801 
0.179749643453  2.960860710037 
0.176656791027  2.964003874272 
0.173562193324  2.967147038508 
0.170465880919  2.970290202744 
0.167367884400  2.973433366979 
0.164268234375  2.976576531215 
0.161166961467  2.979719695451 
0.158064096313  2.982862859687 
0.154959669570  2.986006023922 
0.151853711907  2.989149188158 
0.148746254009  2.992292352394 
0.145637326576  2.995435516629 
0.142526960323  2.998578680865 
0.139415185979  3.001721845101 
0.136302034287  3.004865009337 
0.133187536002  3.008008173572 
0.130071721894  3.011151337808 
0.126954622746  3.014294502044 
0.123836269354  3.017437666279 
0.120716692524  3.020580830515 
0.117595923077  3.023723994751 
0.114473991845  3.026867158986 
0.111350929669  3.030010323222 
0.108226767405  3.033153487458 
0.105101535917  3.036296651694 
0.101975266082  3.039439815929 
0.098847988785  3.042582980165 
0.095719734922  3.045726144401 
0.092590535398  3.048869308636 
0.089460421128  3.052012472872 
0.086329423037  3.055155637108 
0.083197572056  3.058298801344 
0.080064899127  3.061441965579 
0.076931435199  3.064585129815 
0.073797211230  3.067728294051 
0.070662258182  3.070871458286 
0.067526607029  3.074014622522 
0.064390288748  3.077157786758 
0.061253334325  3.080300950993 
0.058115774752  3.083444115229 
0.054977641025  3.086587279465 
0.051838964148  3.089730443701 
0.048699775129  3.092873607936 
0.045560104983  3.096016772172 
0.042419984726  3.099159936408 
0.039279445383  3.102303100643 
0.036138517979  3.105446264879 
0.032997233545  3.108589429115 
0.029855623117  3.111732593351 
0.026713717730  3.114875757586 
0.023571548426  3.118018921822 
0.020429146248  3.121162086058 
0.017286542240  3.124305250293 
0.014143767451  3.127448414529 
0.011000852928  3.130591578765 
0.007857829723  3.133734743001 
0.004714728886  3.136877907236 
0.001571581471  3.140021071472 
-0.001571581471  3.143164235708 
-0.004714728886  3.146307399943 
-0.007857829723  3.149450564179 
-0.011000852928  3.152593728415 
-0.014143767451  3.155736892650 
-0.017286542240  3.158880056886 
-0.020429146248  3.162023221122 
-0.023571548426  3.165166385358 
-0.026713717730  3.168309549593 
-0.029855623117  3.171452713829 
-0.032997233545  3.174595878065 
-0.036138517979  3.177739042300 
-0.039279445383  3.180882206536 
-0.042419984726  3.184025370772 
-0.045560104983  3.187168535008 
-0.048699775129  3.190311699243 
-0.051838964148  3.193454863479 
-0.054977641025  3.196598027715 
-0.058115774752  3.199741191950 
-0.061253334325  3.202884356186 
-0.064390288748  3.206027520422 
-0.067526607029  3.209170684658 
-0.070662258182  3.212313848893 
-0.073797211230  3.215457013129 
-0.076931435199  3.218600177365 
-0.080064899127  3.221743341600 
-0.083197572056  3.224886505836 
-0.086329423037  3.228029670072 
-0.089460421128  3.231172834307 
-0.092590535398  3.234315998543 
-0.095719734922  3.237459162779 
-0.098847988785  3.240602327015 
-0.101975266082  3.243745491250 
-0.105101535917  3.246888655486 
-0.108226767405  3.250031819722 
-0.111350929669  3.253174983957 
-0.114473991845  3.256318148193 
-0.117595923077  3.259461312429 
-0.120716692524  3.262604476665 
-0.123836269354  3.265747640900 
-0.126954622746  3.268890805136 
-0.130071721894  3.272033969372 
-0.133187536002  3.275177133607 
-0.136302034287  3.278320297843 
-0.139415185979  3.281463462079 
-0.142526960323  3.284606626314 
-0.145637326576  3.287749790550 
-0.148746254009  3.290892954786 
-0.151853711907  3.294036119022 
-0.154959669570  3.297179283257 
-0.158064096313  3.300322447493 
-0.161166961467  3.303465611729 
-0.164268234375  3.306608775964 
-0.167367884400  3.309751940200 
-0.170465880919  3.312895104436 
-0.173562193324  3.316038268672 
-0.176656791027  3.319181432907 
-0.179749643453  3.322324597143 
-0.182840720048  3.325467761379 
-0.185929990272  3.328610925614 
-0.189017423606  3.331754089850 
-0.192102989548  3.334897254086 
-0.195186657613  3.338040418322 
-0.198268397337  3.341183582557 
-0.201348178273  3.344326746793 
-0.204425969996  3.347469911029 
-0.207501742097  3.350613075264 
-0.210575464191  3.353756239500 
-0.213647105910  3.356899403736 
-0.216716636908  3.360042567971 
-0.219784026860  3.363185732207 
-0.222849245462  3.366328896443 
-0.225912262430  3.369472060679 
-0.228973047504  3.372615224914 
-0.232031570445  3.375758389150 
-0.235087801037  3.378901553386 
-0.238141709084  3.382044717621 
-0.241193264418  3.385187881857 
-0.244242436888  3.388331046093 
-0.247289196372  3.391474210329 
-0.250333512769  3.394617374564 
-0.253375356003  3.397760538800 
-0.256414696022  3.400903703036 
-0.259451502798  3.404046867271 
-0.262485746331  3.407190031507 
-0.265517396642  3.410333195743 
-0.268546423782  3.413476359979 
-0.271572797824  3.416619524214 
-0.274596488870  3.419762688450 
-0.277617467048  3.422905852686 
-0.280635702511  3.426049016921 
-0.283651165441  3.429192181157 
-0.286663826047  3.432335345393 
-0.289673654565  3.435478509628 
-0.292680621260  3.438621673864 
-0.295684696425  3.441764838100 
-0.298685850381  3.444908002336 
-0.301684053478  3.448051166571 
-0.304679276095  3.451194330807 
-0.307671488642  3.454337495043 
-0.310660661556  3.457480659278 
-0.313646765307  3.460623823514 
-0.316629770393  3.463766987750 
-0.319609647343  3.466910151986 
-0.322586366719  3.470053316221 
-0.325559899111  3.473196480457 
-0.328530215143  3.476339644693 
-0.331497285469  3.479482808928 
-0.334461080777  3.482625973164 
-0.337421571785  3.485769137400 
-0.340378729246  3.488912301635 
-0.343332523945  3.492055465871 
-0.346282926699  3.495198630107 
-0.349229908360  3.498341794343 
-0.352173439813  3.501484958578 
-0.355113491979  3.504628122814 
-0.358050035810  3.507771287050 
-0.360983042295  3.510914451285 
-0.363912482458  3.514057615521 
-0.366838327358  3.517200779757 
-0.369760548088  3.520343943993 
-0.372679115778  3.523487108228 
-0.375594001595  3.526630272464 
-0.378505176742  3.529773436700 
-0.381412612456  3.532916600935 
-0.384316280015  3.536059765171 
-0.387216150731  3.539202929407 
-0.390112195956  3.542346093643 
-0.393004387078  3.545489257878 
-0.395892695523  3.548632422114 
-0.398777092757  3.551775586350 
-0.401657550284  3.554918750585 
-0.404534039645  3.558061914821 
-0.407406532423  3.561205079057 
-0.410275000239  3.564348243292 
-0.413139414755  3.567491407528 
-0.415999747670  3.570634571764 
-0.418855970727  3.573777736000 
-0.421708055708  3.576920900235 
-0.424555974435  3.580064064471 
-0.427399698773  3.583207228707 
-0.430239200627  3.586350392942 
-0.433074451944  3.589493557178 
-0.435905424714  3.592636721414 
-0.438732090968  3.595779885650 
-0.441554422780  3.598923049885 
-0.444372392267  3.602066214121 
-0.447185971588  3.605209378357 
-0.449995132948  3.608352542592 
-0.452799848593  3.611495706828 
-0.455600090813  3.614638871064 
-0.458395831945  3.617782035300 
-0.461187044368  3.620925199535 
-0.463973700505  3.624068363771 
-0.466755772827  3.627211528007 
-0.469533233847  3.630354692242 
-0.472306056127  3.633497856478 
-0.475074212271  3.636641020714 
-0.477837674932  3.639784184949 
-0.480596416809  3.642927349185 
-0.483350410647  3.646070513421 
-0.486099629236  3.649213677657 
-0.488844045418  3.652356841892 
-0.491583632078  3.655500006128 
-0.494318362150  3.658643170364 
-0.497048208618  3.661786334599 
-0.499773144511  3.664929498835 
-0.502493142909  3.668072663071 
-0.505208176939  3.671215827307 
-0.507918219778  3.674358991542 
-0.510623244653  3.677502155778 
-0.513323224839  3.680645320014 
-0.516018133662  3.683788484249 
-0.518707944498  3.686931648485 
-0.521392630772  3.690074812721 
-0.524072165962  3.693217976956 
-0.526746523595  3.696361141192 
-0.529415677250  3.699504305428 
-0.532079600556  3.702647469664 
-0.534738267197  3.705790633899 
-0.537391650905  3.708933798135 
-0.540039725466  3.712076962371 
-0.542682464720  3.715220126606 
-0.545319842556  3.718363290842 
-0.547951832920  3.721506455078 
-0.550578409809  3.724649619314 
-0.553199547272  3.727792783549 
-0.555815219416  3.730935947785 
-0.558425400398  3.734079112021 
-0.561030064431  3.737222276256 
-0.563629185782  3.740365440492 
-0.566222738774  3.743508604728 
-0.568810697784  3.746651768964 
-0.571393037244  3.749794933199 
-0.573969731641  3.752938097435 
-0.576540755519  3.756081261671 
-0.579106083479  3.759224425906 
-0.581665690176  3.762367590142 
-0.584219550322  3.765510754378 
-0.586767638686  3.768653918613 
-0.589309930096  3.771797082849 
-0.591846399433  3.774940247085 
-0.594377021640  3.778083411321 
-0.596901771715  3.781226575556 
-0.599420624715  3.784369739792 
-0.601933555755  3.787512904028 
-0.604440540008  3.790656068263 
-0.606941552708  3.793799232499 
-0.609436569144  3.796942396735 
-0.611925564668  3.800085560971 
-0.614408514690  3.803228725206 
-0.616885394679  3.806371889442 
-0.619356180166  3.809515053678 
-0.621820846740  3.812658217913 
-0.624279370051  3.815801382149 
-0.626731725811  3.818944546385 
-0.629177889791  3.822087710620 
-0.631617837826  3.825230874856 
-0.634051545809  3.828374039092 
-0.636478989696  3.831517203328 
-0.638900145507  3.834660367563 
-0.641314989320  3.837803531799 
-0.643723497279  3.840946696035 
-0.646125645589  3.844089860270 
-0.648521410518  3.847233024506 
-0.650910768397  3.850376188742 
-0.653293695621  3.853519352978 
-0.655670168647  3.856662517213 
-0.658040163997  3.859805681449 
-0.660403658257  3.862948845685 
-0.662760628076  3.866092009920 
-0.665111050170  3.869235174156 
-0.667454901317  3.872378338392 
-0.669792158361  3.875521502628 
-0.672122798211  3.878664666863 
-0.674446797842  3.881807831099 
-0.676764134294  3.884950995335 
-0.679074784672  3.888094159570 
-0.681378726150  3.891237323806 
-0.683675935964  3.894380488042 
-0.685966391421  3.897523652277 
-0.688250069890  3.900666816513 
-0.690526948812  3.903809980749 
-0.692797005691  3.906953144985 
-0.695060218101  3.910096309220 
-0.697316563681  3.913239473456 
-0.699566020142  3.916382637692 
-0.701808565258  3.919525801927 
-0.704044176876  3.922668966163 
-0.706272832908  3.925812130399 
-0.708494511336  3.928955294635 
-0.710709190212  3.932098458870 
-0.712916847655  3.935241623106 
-0.715117461855  3.938384787342 
-0.717311011072  3.941527951577 
-0.719497473633  3.944671115813 
-0.721676827939  3.947814280049 
-0.723849052457  3.950957444285 
-0.726014125729  3.954100608520 
-0.728172026363  3.957243772756 
-0.730322733040  3.960386936992 
-0.732466224514  3.963530101227 
-0.734602479608  3.966673265463 
-0.736731477216  3.969816429699 
-0.738853196305  3.972959593934 
-0.740967615914  3.976102758170 
-0.743074715152  3.979245922406 
-0.745174473204  3.982389086642 
-0.747266869325  3.985532250877 
-0.749351882843  3.988675415113 
-0.751429493159  3.991818579349 
-0.753499679747  3.994961743584 
-0.755562422155  3.998104907820 
-0.757617700004  4.001248072056 
-0.759665492990  4.004391236292 
-0.761705780881  4.007534400527 
-0.763738543519  4.010677564763 
-0.765763760824  4.013820728999 
-0.767781412785  4.016963893234 
-0.769791479471  4.020107057470 
-0.771793941022  4.023250221706 
-0.773788777656  4.026393385941 
-0.775775969664  4.029536550177 
-0.777755497414  4.032679714413 
-0.779727341350  4.035822878649 
-0.781691481990  4.038966042884 
-0.783647899930  4.042109207120 
-0.785596575842  4.045252371356 
-0.787537490473  4.048395535591 
-0.789470624648  4.051538699827 
-0.791395959270  4.054681864063 
-0.793313475316  4.057825028299 
-0.795223153843  4.060968192534 
-0.797124975985  4.064111356770 
-0.799018922951  4.067254521006 
-0.800904976031  4.070397685241 
-0.802783116592  4.073540849477 
-0.804653326079  4.076684013713 
-0.806515586014  4.079827177949 
-0.808369878000  4.082970342184 
-0.810216183718  4.086113506420 
-0.812054484927  4.089256670656 
-0.813884763465  4.092399834891 
-0.815707001250  4.095542999127 
-0.817521180280  4.098686163363 
-0.819327282631  4.101829327598 
-0.821125290460  4.104972491834 
-0.822915186003  4.108115656070 
-0.824696951578  4.111258820306 
-0.826470569582  4.114401984541 
-0.828236022492  4.117545148777 
-0.829993292866  4.120688313013 
-0.831742363343  4.123831477248 
-0.833483216644  4.126974641484 
-0.835215835570  4.130117805720 
-0.836940203003  4.133260969956 
-0.838656301908  4.136404134191 
-0.840364115331  4.139547298427 
-0.842063626398  4.142690462663 
-0.843754818321  4.145833626898 
-0.845437674390  4.148976791134 
-0.847112177981  4.152119955370 
-0.848778312549  4.155263119606 
-0.850436061634  4.158406283841 
-0.852085408860  4.161549448077 
-0.853726337930  4.164692612313 
-0.855358832634  4.167835776548 
-0.856982876843  4.170978940784 
-0.858598454512  4.174122105020 
-0.860205549681  4.177265269255 
-0.861804146473  4.180408433491 
-0.863394229093  4.183551597727 
-0.864975781833  4.186694761963 
-0.866548789068  4.189837926198 
-0.868113235257  4.192981090434 
-0.869669104945  4.196124254670 
-0.871216382760  4.199267418905 
-0.872755053416  4.202410583141 
-0.874285101712  4.205553747377 
-0.875806512532  4.208696911613 
-0.877319270844  4.211840075848 
-0.878823361705  4.214983240084 
-0.880318770253  4.218126404320 
-0.881805481716  4.221269568555 
-0.883283481405  4.224412732791 
-0.884752754718  4.227555897027 
-0.886213287140  4.230699061262 
-0.887665064242  4.233842225498 
-0.889108071680  4.236985389734 
-0.890542295199  4.240128553970 
-0.891967720629  4.243271718205 
-0.893384333888  4.246414882441 
-0.894792120980  4.249558046677 
-0.896191067998  4.252701210912 
-0.897581161120  4.255844375148 
-0.898962386612  4.258987539384 
-0.900334730830  4.262130703620 
-0.901698180215  4.265273867855 
-0.903052721296  4.268417032091 
-0.904398340693  4.271560196327 
-0.905735025110  4.274703360562 
-0.907062761342  4.277846524798 
-0.908381536272  4.280989689034 
-0.909691336871  4.284132853270 
-0.910992150199  4.287276017505 
-0.912283963404  4.290419181741 
-0.913566763724  4.293562345977 
-0.914840538485  4.296705510212 
-0.916105275104  4.299848674448 
-0.917360961085  4.302991838684 
-0.918607584023  4.306135002919 
-0.919845131602  4.309278167155 
-0.921073591596  4.312421331391 
-0.922292951868  4.315564495627 
-0.923503200371  4.318707659862 
-0.924704325149  4.321850824098 
-0.925896314335  4.324993988334 
-0.927079156154  4.328137152569 
-0.928252838918  4.331280316805 
-0.929417351034  4.334423481041 
-0.930572680996  4.337566645277 
-0.931718817389  4.340709809512 
-0.932855748892  4.343852973748 
-0.933983464271  4.346996137984 
-0.935101952385  4.350139302219 
-0.936211202185  4.353282466455 
-0.937311202711  4.356425630691 
-0.938401943096  4.359568794927 
-0.939483412565  4.362711959162 
-0.940555600432  4.365855123398 
-0.941618496105  4.368998287634 
-0.942672089083  4.372141451869 
-0.943716368957  4.375284616105 
-0.944751325411  4.378427780341 
-0.945776948220  4.381570944576 
-0.946793227250  4.384714108812 
-0.947800152462  4.387857273048 
-0.948797713908  4.391000437284 
-0.949785901732  4.394143601519 
-0.950764706171  4.397286765755 
-0.951734117556  4.400429929991 
-0.952694126310  4.403573094226 
-0.953644722947  4.406716258462 
-0.954585898076  4.409859422698 
-0.955517642400  4.413002586934 
-0.956439946713  4.416145751169 
-0.957352801902  4.419288915405 
-0.958256198951  4.422432079641 
-0.959150128933  4.425575243876 
-0.960034583016  4.428718408112 
-0.960909552464  4.431861572348 
-0.961775028632  4.435004736583 
-0.962631002969  4.438147900819 
-0.963477467018  4.441291065055 
-0.964314412418  4.444434229291 
-0.965141830899  4.447577393526 
-0.965959714287  4.450720557762 
-0.966768054502  4.453863721998 
-0.967566843558  4.457006886233 
-0.968356073563  4.460150050469 
-0.969135736720  4.463293214705 
-0.969905825327  4.466436378941 
-0.970666331775  4.469579543176 
-0.971417248551  4.472722707412 
-0.972158568236  4.475865871648 
-0.972890283506  4.479009035883 
-0.973612387133  4.482152200119 
-0.974324871982  4.485295364355 
-0.975027731015  4.488438528591 
-0.975720957288  4.491581692826 
-0.976404543951  4.494724857062 
-0.977078484251  4.497868021298 
-0.977742771531  4.501011185533 
-0.978397399228  4.504154349769 
-0.979042360873  4.507297514005 
-0.979677650095  4.510440678240 
-0.980303260619  4.513583842476 
-0.980919186262  4.516727006712 
-0.981525420941  4.519870170948 
-0.982121958665  4.523013335183 
-0.982708793542  4.526156499419 
-0.983285919773  4.529299663655 
-0.983853331658  4.532442827890 
-0.984411023590  4.535585992126 
-0.984958990059  4.538729156362 
-0.985497225652  4.541872320598 
-0.986025725052  4.545015484833 
-0.986544483037  4.548158649069 
-0.987053494482  4.551301813305 
-0.987552754359  4.554444977540 
-0.988042257735  4.557588141776 
-0.988521999773  4.560731306012 
-0.988991975735  4.563874470248 
-0.989452180977  4.567017634483 
-0.989902610952  4.570160798719 
-0.990343261212  4.573303962955 
-0.990774127401  4.576447127190 
-0.991195205264  4.579590291426 
-0.991606490640  4.582733455662 
-0.992007979467  4.585876619897 
-0.992399667777  4.589019784133 
-0.992781551701  4.592162948369 
-0.993153627466  4.595306112605 
-0.993515891397  4.598449276840 
-0.993868339914  4.601592441076 
-0.994210969535  4.604735605312 
-0.994543776876  4.607878769547 
-0.994866758648  4.611021933783 
-0.995179911660  4.614165098019 
-0.995483232819  4.617308262255 
-0.995776719128  4.620451426490 
-0.996060367687  4.623594590726 
-0.996334175695  4.626737754962 
-0.996598140446  4.629880919197 
-0.996852259332  4.633024083433 
-0.997096529843  4.636167247669 
-0.997330949565  4.639310411904 
-0.997555516183  4.642453576140 
-0.997770227478  4.645596740376 
-0.997975081328  4.648739904612 
-0.998170075711  4.651883068847 
-0.998355208699  4.655026233083 
-0.998530478463  4.658169397319 
-0.998695883272  4.661312561554 
-0.998851421491  4.664455725790 
-0.998997091585  4.667598890026 
-0.999132892114  4.670742054262 
-0.999258821736  4.673885218497 
-0.999374879207  4.677028382733 
-0.999481063381  4.680171546969 
-0.999577373208  4.683314711204 
-0.999663807737  4.686457875440 
-0.999740366115  4.689601039676 
-0.999807047584  4.692744203912 
-0.999863851486  4.695887368147 
-0.999910777260  4.699030532383 
-0.999947824443  4.702173696619 
-0.999974992667  4.705316860854 
-0.999992281665  4.708460025090 
-0.999999691266  4.711603189326 
-0.999997221397  4.714746353561 
-0.999984872082  4.717889517797 
-0.999962643443  4.721032682033 
-0.999930535701  4.724175846269 
-0.999888549171  4.727319010504 
-0.999836684268  4.730462174740 
-0.999774941506  4.733605338976 
-0.999703321495  4.736748503211 
-0.999621824941  4.739891667447 
-0.999530452649  4.743034831683 
-0.999429205524  4.746177995919 
-0.999318084564  4.749321160154 
-0.999197090868  4.752464324390 
-0.999066225631  4.755607488626 
-0.998925490146  4.758750652861 
-0.998774885804  4.761893817097 
-0.998614414091  4.765036981333 
-0.998444076594  4.768180145569 
-0.998263874996  4.771323309804 
-0.998073811076  4.774466474040 
-0.997873886713  4.777609638276 
-0.997664103881  4.780752802511 
-0.997444464653  4.783895966747 
-0.997214971200  4.787039130983 
-0.996975625788  4.790182295218 
-0.996726430781  4.793325459454 
-0.996467388643  4.796468623690 
-0.996198501932  4.799611787926 
-0.995919773304  4.802754952161 
-0.995631205513  4.805898116397 
-0.995332801411  4.809041280633 
-0.995024563944  4.812184444868 
-0.994706496160  4.815327609104 
-0.994378601198  4.818470773340 
-0.994040882300  4.821613937576 
-0.993693342802  4.824757101811 
-0.993335986137  4.827900266047 
-0.992968815836  4.831043430283 
-0.992591835525  4.834186594518 
-0.992205048930  4.837329758754 
-0.991808459872  4.840472922990 
-0.991402072269  4.843616087225 
-0.990985890135  4.846759251461 
-0.990559917583  4.849902415697 
-0.990124158821  4.853045579933 
-0.989678618153  4.856188744168 
-0.989223299982  4.859331908404 
-0.988758208806  4.862475072640 
-0.988283349219  4.865618236875 
-0.987798725914  4.868761401111 
-0.987304343677  4.871904565347 
-0.986800207394  4.875047729583 
-0.986286322044  4.878190893818 
-0.985762692705  4.881334058054 
-0.985229324550  4.884477222290 
-0.984686222848  4.887620386525 
-0.984133392964  4.890763550761 
-0.983570840361  4.893906714997 
-0.982998570597  4.897049879233 
-0.982416589324  4.900193043468 
-0.981824902293  4.903336207704 
-0.981223515349  4.906479371940 
-0.980612434433  4.909622536175 
-0.979991665583  4.912765700411 
-0.979361214931  4.915908864647 
-0.978721088707  4.919052028882 
-0.978071293234  4.922195193118 
-0.977411834931  4.925338357354 
-0.976742720315  4.928481521590 
-0.976063955995  4.931624685825 
-0.975375548677  4.934767850061 
-0.974677505162  4.937911014297 
-0.973969832347  4.941054178532 
-0.973252537223  4.944197342768 
-0.972525626877  4.947340507004 
-0.971789108490  4.950483671240 
-0.971042989338  4.953626835475 
-0.970287276793  4.956769999711 
-0.969521978320  4.959913163947 
-0.968747101481  4.963056328182 
-0.967962653932  4.966199492418 
-0.967168643421  4.969342656654 
-0.966365077793  4.972485820889 
-0.965551964987  4.975628985125 
-0.964729313036  4.978772149361 
-0.963897130068  4.981915313597 
-0.963055424304  4.985058477832 
-0.962204204060  4.988201642068 
-0.961343477745  4.991344806304 
-0.960473253862  4.994487970539 
-0.959593541010  4.997631134775 
-0.958704347879  5.000774299011 
-0.957805683254  5.003917463247 
-0.956897556014  5.007060627482 
-0.955979975129  5.010203791718 
-0.955052949666  5.013346955954 
-0.954116488783  5.016490120189 
-0.953170601732  5.019633284425 
-0.952215297857  5.022776448661 
-0.951250586596  5.025919612897 
-0.950276477481  5.029062777132 
-0.949292980135  5.032205941368 
-0.948300104274  5.035349105604 
-0.947297859707  5.038492269839 
-0.946286256337  5.041635434075 
-0.945265304157  5.044778598311 
-0.944235013253  5.047921762546 
-0.943195393805  5.051064926782 
-0.942146456083  5.054208091018 
-0.941088210451  5.057351255254 
-0.940020667362  5.060494419489 
-0.938943837365  5.063637583725 
-0.937857731097  5.066780747961 
-0.936762359289  5.069923912196 
-0.935657732762  5.073067076432 
-0.934543862429  5.076210240668 
-0.933420759295  5.079353404904 
-0.932288434456  5.082496569139 
-0.931146899098  5.085639733375 
-0.929996164500  5.088782897611 
-0.928836242028  5.091926061846 
-0.927667143145  5.095069226082 
-0.926488879398  5.098212390318 
-0.925301462429  5.101355554554 
-0.924104903969  5.104498718789 
-0.922899215840  5.107641883025 
-0.921684409952  5.110785047261 
-0.920460498308  5.113928211496 
-0.919227492999  5.117071375732 
-0.917985406206  5.120214539968 
-0.916734250202  5.123357704203 
-0.915474037345  5.126500868439 
-0.914204780088  5.129644032675 
-0.912926490968  5.132787196911 
-0.911639182616  5.135930361146 
-0.910342867749  5.139073525382 
-0.909037559174  5.142216689618 
-0.907723269786  5.145359853853 
-0.906400012571  5.148503018089 
-0.905067800601  5.151646182325 
-0.903726647038  5.154789346561 
-0.902376565132  5.157932510796 
-0.901017568220  5.161075675032 
-0.899649669730  5.164218839268 
-0.898272883174  5.167362003503 
-0.896887222156  5.170505167739 
-0.895492700364  5.173648331975 
-0.894089331577  5.176791496210 
-0.892677129657  5.179934660446 
-0.891256108558  5.183077824682 
-0.889826282317  5.186220988918 
-0.888387665062  5.189364153153 
-0.886940271005  5.192507317389 
-0.885484114444  5.195650481625 
-0.884019209768  5.198793645860 
-0.882545571447  5.201936810096 
-0.881063214040  5.205079974332 
-0.879572152193  5.208223138568 
-0.878072400637  5.211366302803 
-0.876563974188  5.214509467039 
-0.875046887748  5.217652631275 
-0.873521156306  5.220795795510 
-0.871986794935  5.223938959746 
-0.870443818794  5.227082123982 
-0.868892243126  5.230225288218 
-0.867332083261  5.233368452453 
-0.865763354612  5.236511616689 
-0.864186072676  5.239654780925 
-0.862600253038  5.242797945160 
-0.861005911363  5.245941109396 
-0.859403063404  5.249084273632 
-0.857791724994  5.252227437867 
-0.856171912055  5.255370602103 
-0.854543640588  5.258513766339 
-0.852906926679  5.261656930575 
-0.851261786500  5.264800094810 
-0.849608236302  5.267943259046 
-0.847946292423  5.271086423282 
-0.846275971281  5.274229587517 
-0.844597289378  5.277372751753 
-0.842910263299  5.280515915989 
-0.841214909710  5.283659080225 
-0.839511245361  5.286802244460 
-0.837799287083  5.289945408696 
-0.836079051790  5.293088572932 
-0.834350556476  5.296231737167 
-0.832613818218  5.299374901403 
-0.830868854173  5.302518065639 
-0.829115681583  5.305661229875 
-0.827354317766  5.308804394110 
-0.825584780124  5.311947558346 
-0.823807086139  5.315090722582 
-0.822021253374  5.318233886817 
-0.820227299472  5.321377051053 
-0.818425242157  5.324520215289 
-0.816615099231  5.327663379524 
-0.814796888578  5.330806543760 
-0.812970628161  5.333949707996 
-0.811136336023  5.337092872232 
-0.809294030285  5.340236036467 
-0.807443729148  5.343379200703 
-0.805585450892  5.346522364939 
-0.803719213876  5.349665529174 
-0.801845036538  5.352808693410 
-0.799962937393  5.355951857646 
-0.798072935036  5.359095021882 
-0.796175048138  5.362238186117 
-0.794269295451  5.365381350353 
-0.792355695801  5.368524514589 
-0.790434268094  5.371667678824 
-0.788505031313  5.374810843060 
-0.786568004518  5.377954007296 
-0.784623206845  5.381097171531 
-0.782670657507  5.384240335767 
-0.780710375797  5.387383500003 
-0.778742381078  5.390526664239 
-0.776766692796  5.393669828474 
-0.774783330467  5.396812992710 
-0.772792313687  5.399956156946 
-0.770793662127  5.403099321181 
-0.768787395531  5.406242485417 
-0.766773533720  5.409385649653 
-0.764752096591  5.412528813889 
-0.762723104113  5.415671978124 
-0.760686576334  5.418815142360 
-0.758642533371  5.421958306596 
-0.756590995420  5.425101470831 
-0.754531982749  5.428244635067 
-0.752465515699  5.431387799303 
-0.750391614685  5.434530963539 
-0.748310300198  5.437674127774 
-0.746221592800  5.440817292010 
-0.744125513125  5.443960456246 
-0.742022081882  5.447103620481 
-0.739911319852  5.450246784717 
-0.737793247887  5.453389948953 
-0.735667886914  5.456533113188 
-0.733535257930  5.459676277424 
-0.731395382003  5.462819441660 
-0.729248280276  5.465962605896 
-0.727093973959  5.469105770131 
-0.724932484337  5.472248934367 
-0.722763832764  5.475392098603 
-0.720588040665  5.478535262838 
-0.718405129536  5.481678427074 
-0.716215120943  5.484821591310 
-0.714018036521  5.487964755546 
-0.711813897977  5.491107919781 
-0.709602727087  5.494251084017 
-0.707384545696  5.497394248253 
-0.705159375718  5.500537412488 
-0.702927239136  5.503680576724 
-0.700688158004  5.506823740960 
-0.698442154442  5.509966905196 
-0.696189250639  5.513110069431 
-0.693929468854  5.516253233667 
-0.691662831410  5.519396397903 
-0.689389360702  5.522539562138 
-0.687109079190  5.525682726374 
-0.684822009403  5.528825890610 
-0.682528173935  5.531969054845 
-0.680227595448  5.535112219081 
-0.677920296670  5.538255383317 
-0.675606300397  5.541398547553 
-0.673285629490  5.544541711788 
-0.670958306876  5.547684876024 
-0.668624355546  5.550828040260 
-0.666283798560  5.553971204495 
-0.663936659042  5.557114368731 
-0.661582960179  5.560257532967 
-0.659222725224  5.563400697203 
-0.656855977496  5.566543861438 
-0.654482740378  5.569687025674 
-0.652103037314  5.572830189910 
-0.649716891816  5.575973354145 
-0.647324327457  5.579116518381 
-0.644925367875  5.582259682617 
-0.642520036770  5.585402846852 
-0.640108357905  5.588546011088 
-0.637690355107  5.591689175324 
-0.635266052265  5.594832339560 
-0.632835473328  5.597975503795 
-0.630398642310  5.601118668031 
-0.627955583285  5.604261832267 
-0.625506320390  5.607404996502 
-0.623050877822  5.610548160738 
-0.620589279840  5.613691324974 
-0.618121550762  5.616834489210 
-0.615647714969  5.619977653445 
-0.613167796901  5.623120817681 
-0.610681821058  5.626263981917 
-0.608189812001  5.629407146152 
-0.605691794348  5.632550310388 
-0.603187792779  5.635693474624 
-0.600677832033  5.638836638860 
-0.598161936906  5.641979803095 
-0.595640132255  5.645122967331 
-0.593112442992  5.648266131567 
-0.590578894091  5.651409295802 
-0.588039510581  5.654552460038 
-0.585494317551  5.657695624274 
-0.582943340146  5.660838788509 
-0.580386603567  5.663981952745 
-0.577824133075  5.667125116981 
-0.575255953984  5.670268281217 
-0.572682091667  5.673411445452 
-0.570102571553  5.676554609688 
-0.567517419126  5.679697773924 
-0.564926659926  5.682840938159 
-0.562330319548  5.685984102395 
-0.559728423642  5.689127266631 
-0.557120997915  5.692270430867 
-0.554508068125  5.695413595102 
-0.551889660088  5.698556759338 
-0.549265799672  5.701699923574 
-0.546636512799  5.704843087809 
-0.544001825445  5.707986252045 
-0.541361763640  5.711129416281 
-0.538716353465  5.714272580517 
-0.536065621057  5.717415744752 
-0.533409592603  5.720558908988 
-0.530748294342  5.723702073224 
-0.528081752569  5.726845237459 
-0.525409993626  5.729988401695 
-0.522733043908  5.733131565931 
-0.520050929864  5.736274730166 
-0.517363677990  5.739417894402 
-0.514671314836  5.742561058638 
-0.511973867000  5.745704222874 
-0.509271361132  5.748847387109 
-0.506563823932  5.751990551345 
-0.503851282147  5.755133715581 
-0.501133762577  5.758276879816 
-0.498411292070  5.761420044052 
-0.495683897522  5.764563208288 
-0.492951605877  5.767706372524 
-0.490214444131  5.770849536759 
-0.487472439324  5.773992700995 
-0.484725618546  5.777135865231 
-0.481974008934  5.780279029466 
-0.479217637673  5.783422193702 
-0.476456531994  5.786565357938 
-0.473690719176  5.789708522173 
-0.470920226543  5.792851686409 
-0.468145081466  5.795994850645 
-0.465365311362  5.799138014881 
-0.462580943694  5.802281179116 
-0.459792005970  5.805424343352 
-0.456998525743  5.808567507588 
-0.454200530611  5.811710671823 
-0.451398048217  5.814853836059 
-0.448591106249  5.817997000295 
-0.445779732436  5.821140164531 
-0.442963954555  5.824283328766 
-0.440143800423  5.827426493002 
-0.437319297902  5.830569657238 
-0.434490474897  5.833712821473 
-0.431657359354  5.836855985709 
-0.428819979265  5.839999149945 
-0.425978362660  5.843142314181 
-0.423132537613  5.846285478416 
-0.420282532239  5.849428642652 
-0.417428374696  5.852571806888 
-0.414570093179  5.855714971123 
-0.411707715929  5.858858135359 
-0.408841271224  5.862001299595 
-0.405970787382  5.865144463830 
-0.403096292762  5.868287628066 
-0.400217815763  5.871430792302 
-0.397335384823  5.874573956538 
-0.394449028419  5.877717120773 
-0.391558775066  5.880860285009 
-0.388664653319  5.884003449245 
-0.385766691770  5.887146613480 
-0.382864919049  5.890289777716 
-0.379959363824  5.893432941952 
-0.377050054801  5.896576106188 
-0.374137020722  5.899719270423 
-0.371220290366  5.902862434659 
-0.368299892549  5.906005598895 
-0.365375856123  5.909148763130 
-0.362448209977  5.912291927366 
-0.359516983033  5.915435091602 
-0.356582204250  5.918578255837 
-0.353643902623  5.921721420073 
-0.350702107181  5.924864584309 
-0.347756846986  5.928007748545 
-0.344808151137  5.931150912780 
-0.341856048765  5.934294077016 
-0.338900569036  5.937437241252 
-0.335941741147  5.940580405487 
-0.332979594331  5.943723569723 
-0.330014157852  5.946866733959 
-0.327045461007  5.950009898195 
-0.324073533125  5.953153062430 
-0.321098403567  5.956296226666 
-0.318120101726  5.959439390902 
-0.315138657026  5.962582555137 
-0.312154098922  5.965725719373 
-0.309166456900  5.968868883609 
-0.306175760476  5.972012047845 
-0.303182039197  5.975155212080 
-0.300185322639  5.978298376316 
-0.297185640408  5.981441540552 
-0.294183022140  5.984584704787 
-0.291177497498  5.987727869023 
-0.288169096176  5.990871033259 
-0.285157847895  5.994014197494 
-0.282143782405  5.997157361730 
-0.279126929483  6.000300525966 
-0.276107318933  6.003443690202 
-0.273084980589  6.006586854437 
-0.270059944309  6.009730018673 
-0.267032239980  6.012873182909 
-0.264001897512  6.016016347144 
-0.260968946844  6.019159511380 
-0.257933417941  6.022302675616 
-0.254895340792  6.025445839852 
-0.251854745410  6.028589004087 
-0.248811661837  6.031732168323 
-0.245766120135  6.034875332559 
-0.242718150394  6.038018496794 
-0.239667782725  6.041161661030 
-0.236615047265  6.044304825266 
-0.233559974172  6.047447989502 
-0.230502593631  6.050591153737 
-0.227442935844  6.053734317973 
-0.224381031042  6.056877482209 
-0.221316909473  6.060020646444 
-0.218250601410  6.063163810680 
-0.215182137145  6.066306974916 
-0.212111546995  6.069450139151 
-0.209038861294  6.072593303387 
-0.205964110399  6.075736467623 
-0.202887324687  6.078879631859 
-0.199808534555  6.082022796094 
-0.196727770421  6.085165960330 
-0.193645062719  6.088309124566 
-0.190560441907  6.091452288801 
-0.187473938457  6.094595453037 
-0.184385582864  6.097738617273 
-0.181295405638  6.100881781509 
-0.178203437310  6.104024945744 
-0.175109708425  6.107168109980 
-0.172014249548  6.110311274216 
-0.168917091261  6.113454438451 
-0.165818264163  6.116597602687 
-0.162717798867  6.119740766923 
-0.159615726005  6.122883931158 
-0.156512076224  6.126027095394 
-0.153406880186  6.129170259630 
-0.150300168569  6.132313423866 
-0.147191972065  6.135456588101 
-0.144082321382  6.138599752337 
-0.140971247242  6.141742916573 
-0.137858780380  6.144886080808 
-0.134744951545  6.148029245044 
-0.131629791502  6.151172409280 
-0.128513331026  6.154315573516 
-0.125395600906  6.157458737751 
-0.122276631943  6.160601901987 
-0.119156454951  6.163745066223 
-0.116035100757  6.166888230458 
-0.112912600196  6.170031394694 
-0.109788984119  6.173174558930 
-0.106664283385  6.176317723166 
-0.103538528863  6.179460887401 
-0.100411751436  6.182604051637 
-0.097283981993  6.185747215873 
-0.094155251435  6.188890380108 
-0.091025590674  6.192033544344 
-0.087895030627  6.195176708580 
-0.084763602224  6.198319872815 
-0.081631336401  6.201463037051 
-0.078498264104  6.204606201287 
-0.075364416285  6.207749365523 
-0.072229823905  6.210892529758 
-0.069094517933  6.214035693994 
-0.065958529343  6.217178858230 
-0.062821889117  6.220322022465 
-0.059684628245  6.223465186701 
-0.056546777720  6.226608350937 
-0.053408368542  6.229751515173 
-0.050269431718  6.232894679408 
-0.047129998259  6.236037843644 
-0.043990099179  6.239181007880 
-0.040849765501  6.242324172115 
-0.037709028249  6.245467336351 
-0.034567918451  6.248610500587 
-0.031426467141  6.251753664823 
-0.028284705353  6.254896829058 
-0.025142664128  6.258039993294 
-0.022000374506  6.261183157530 
-0.018857867532  6.264326321765 
-0.015715174253  6.267469486001 
-0.012572325715  6.270612650237 
-0.009429352970  6.273755814472 
-0.006286287068  6.276898978708 
-0.003143159060  6.280042142944 
-0.000000000000  6.283185307180 
