1.000000000000  0.000000000000 
0.996861770334  0.003143164236 
0.993733389153  0.006286328471 
0.990614825550  0.009429492707 
0.987506048717  0.012572656943 
0.984407027939  0.015715821179 
0.981317732600  0.018858985414 
0.978238132179  0.022002149650 
0.975168196252  0.025145313886 
0.972107894489  0.028288478121 
0.969057196656  0.031431642357 
0.966016072613  0.034574806593 
0.962984492315  0.037717970828 
0.959962425813  0.040861135064 
0.956949843250  0.044004299300 
0.953946714862  0.047147463536 
0.950953010982  0.050290627771 
0.947968702031  0.053433792007 
0.944993758528  0.056576956243 
0.942028151080  0.059720120478 
0.939071850390  0.062863284714 
0.936124827250  0.066006448950 
0.933187052546  0.069149613186 
0.930258497253  0.072292777421 
0.927339132440  0.075435941657 
0.924428929263  0.078579105893 
0.921527858973  0.081722270128 
0.918635892908  0.084865434364 
0.915753002496  0.088008598600 
0.912879159256  0.091151762836 
0.910014334797  0.094294927071 
0.907158500815  0.097438091307 
0.904311629095  0.100581255543 
0.901473691513  0.103724419778 
0.898644660031  0.106867584014 
0.895824506699  0.110010748250 
0.893013203656  0.113153912485 
0.890210723128  0.116297076721 
0.887417037428  0.119440240957 
0.884632118954  0.122583405193 
0.881855940195  0.125726569428 
0.879088473722  0.128869733664 
0.876329692194  0.132012897900 
0.873579568356  0.135156062135 
0.870838075039  0.138299226371 
0.868105185157  0.141442390607 
0.865380871712  0.144585554843 
0.862665107787  0.147728719078 
0.859957866554  0.150871883314 
0.857259121265  0.154015047550 
0.854568845259  0.157158211785 
0.851887011957  0.160301376021 
0.849213594864  0.163444540257 
0.846548567567  0.166587704493 
0.843891903738  0.169730868728 
0.841243577131  0.172874032964 
0.838603561580  0.176017197200 
0.835971831005  0.179160361435 
0.833348359405  0.182303525671 
0.830733120861  0.185446689907 
0.828126089536  0.188589854142 
0.825527239674  0.191733018378 
0.822936545600  0.194876182614 
0.820353981719  0.198019346850 
0.817779522517  0.201162511085 
0.815213142559  0.204305675321 
0.812654816490  0.207448839557 
0.810104519037  0.210592003792 
0.807562225002  0.213735168028 
0.805027909270  0.216878332264 
0.802501546803  0.220021496500 
0.799983112641  0.223164660735 
0.797472581905  0.226307824971 
0.794969929790  0.229450989207 
0.792475131572  0.232594153442 
0.789988162605  0.235737317678 
0.787508998317  0.238880481914 
0.785037614216  0.242023646149 
0.782573985885  0.245166810385 
0.780118088987  0.248309974621 
0.777669899257  0.251453138857 
0.775229392508  0.254596303092 
0.772796544630  0.257739467328 
0.770371331588  0.260882631564 
0.767953729421  0.264025795799 
0.765543714245  0.267168960035 
0.763141262250  0.270312124271 
0.760746349701  0.273455288507 
0.758358952938  0.276598452742 
0.755979048374  0.279741616978 
0.753606612497  0.282884781214 
0.751241621869  0.286027945449 
0.748884053124  0.289171109685 
0.746533882972  0.292314273921 
0.744191088194  0.295457438157 
0.741855645643  0.298600602392 
0.739527532248  0.301743766628 
0.737206725007  0.304886930864 
0.734893200992  0.308030095099 
0.732586937347  0.311173259335 
0.730287911287  0.314316423571 
0.727996100099  0.317459587806 
0.725711481141  0.320602752042 
0.723434031841  0.323745916278 
0.721163729701  0.326889080514 
0.718900552290  0.330032244749 
0.716644477250  0.333175408985 
0.714395482291  0.336318573221 
0.712153545195  0.339461737456 
0.709918643812  0.342604901692 
0.707690756064  0.345748065928 
0.705469859938  0.348891230164 
0.703255933495  0.352034394399 
0.701048954861  0.355177558635 
0.698848902234  0.358320722871 
0.696655753876  0.361463887106 
0.694469488122  0.364607051342 
0.692290083372  0.367750215578 
0.690117518095  0.370893379814 
0.687951770826  0.374036544049 
0.685792820170  0.377179708285 
0.683640644797  0.380322872521 
0.681495223444  0.383466036756 
0.679356534916  0.386609200992 
0.677224558084  0.389752365228 
0.675099271885  0.392895529463 
0.672980655323  0.396038693699 
0.670868687465  0.399181857935 
0.668763347448  0.402325022171 
0.666664614471  0.405468186406 
0.664572467800  0.408611350642 
0.662486886766  0.411754514878 
0.660407850765  0.414897679113 
0.658335339256  0.418040843349 
0.656269331764  0.421184007585 
0.654209807877  0.424327171821 
0.652156747250  0.427470336056 
0.650110129599  0.430613500292 
0.648069934704  0.433756664528 
0.646036142409  0.436899828763 
0.644008732621  0.440042992999 
0.641987685311  0.443186157235 
0.639972980511  0.446329321470 
0.637964598318  0.449472485706 
0.635962518890  0.452615649942 
0.633966722446  0.455758814178 
0.631977189270  0.458901978413 
0.629993899706  0.462045142649 
0.628016834161  0.465188306885 
0.626045973101  0.468331471120 
0.624081297055  0.471474635356 
0.622122786615  0.474617799592 
0.620170422430  0.477760963828 
0.618224185212  0.480904128063 
0.616284055733  0.484047292299 
0.614350014827  0.487190456535 
0.612422043385  0.490333620770 
0.610500122360  0.493476785006 
0.608584232764  0.496619949242 
0.606674355671  0.499763113478 
0.604770472210  0.502906277713 
0.602872563572  0.506049441949 
0.600980611008  0.509192606185 
0.599094595826  0.512335770420 
0.597214499392  0.515478934656 
0.595340303133  0.518622098892 
0.593471988532  0.521765263127 
0.591609537132  0.524908427363 
0.589752930531  0.528051591599 
0.587902150389  0.531194755835 
0.586057178420  0.534337920070 
0.584217996396  0.537481084306 
0.582384586148  0.540624248542 
0.580556929563  0.543767412777 
0.578735008583  0.546910577013 
0.576918805210  0.550053741249 
0.575108301501  0.553196905485 
0.573303479568  0.556340069720 
0.571504321580  0.559483233956 
0.569710809764  0.562626398192 
0.567922926399  0.565769562427 
0.566140653823  0.568912726663 
0.564363974428  0.572055890899 
0.562592870661  0.575199055134 
0.560827325024  0.578342219370 
0.559067320075  0.581485383606 
0.557312838426  0.584628547842 
0.555563862743  0.587771712077 
0.553820375747  0.590914876313 
0.552082360214  0.594058040549 
0.550349798973  0.597201204784 
0.548622674907  0.600344369020 
0.546900970953  0.603487533256 
0.545184670101  0.606630697492 
0.543473755396  0.609773861727 
0.541768209934  0.612917025963 
0.540068016865  0.616060190199 
0.538373159392  0.619203354434 
0.536683620772  0.622346518670 
0.534999384312  0.625489682906 
0.533320433372  0.628632847142 
0.531646751367  0.631776011377 
0.529978321760  0.634919175613 
0.528315128068  0.638062339849 
0.526657153860  0.641205504084 
0.525004382755  0.644348668320 
0.523356798426  0.647491832556 
0.521714384595  0.650634996791 
0.520077125036  0.653778161027 
0.518445003574  0.656921325263 
0.516818004083  0.660064489499 
0.515196110490  0.663207653734 
0.513579306773  0.666350817970 
0.511967576956  0.669493982206 
0.510360905118  0.672637146441 
0.508759275385  0.675780310677 
0.507162671934  0.678923474913 
0.505571078991  0.682066639149 
0.503984480832  0.685209803384 
0.502402861783  0.688352967620 
0.500826206218  0.691496131856 
0.499254498560  0.694639296091 
0.497687723281  0.697782460327 
0.496125864903  0.700925624563 
0.494568907996  0.704068788799 
0.493016837177  0.707211953034 
0.491469637112  0.710355117270 
0.489927292517  0.713498281506 
0.488389788153  0.716641445741 
0.486857108831  0.719784609977 
0.485329239409  0.722927774213 
0.483806164792  0.726070938448 
0.482287869933  0.729214102684 
0.480774339832  0.732357266920 
0.479265559536  0.735500431156 
0.477761514139  0.738643595391 
0.476262188781  0.741786759627 
0.474767568652  0.744929923863 
0.473277638983  0.748073088098 
0.471792385056  0.751216252334 
0.470311792197  0.754359416570 
0.468835845778  0.757502580806 
0.467364531218  0.760645745041 
0.465897833981  0.763788909277 
0.464435739577  0.766932073513 
0.462978233561  0.770075237748 
0.461525301533  0.773218401984 
0.460076929140  0.776361566220 
0.458633102073  0.779504730455 
0.457193806066  0.782647894691 
0.455759026900  0.785791058927 
0.454328750401  0.788934223163 
0.452902962438  0.792077387398 
0.451481648926  0.795220551634 
0.450064795821  0.798363715870 
0.448652389127  0.801506880105 
0.447244414890  0.804650044341 
0.445840859199  0.807793208577 
0.444441708188  0.810936372813 
0.443046948034  0.814079537048 
0.441656564958  0.817222701284 
0.440270545224  0.820365865520 
0.438888875138  0.823509029755 
0.437511541049  0.826652193991 
0.436138529352  0.829795358227 
0.434769826480  0.832938522463 
0.433405418913  0.836081686698 
0.432045293170  0.839224850934 
0.430689435813  0.842368015170 
0.429337833449  0.845511179405 
0.427990472723  0.848654343641 
0.426647340325  0.851797507877 
0.425308422984  0.854940672112 
0.423973707474  0.858083836348 
0.422643180607  0.861227000584 
0.421316829239  0.864370164820 
0.419994640267  0.867513329055 
0.418676600627  0.870656493291 
0.417362697298  0.873799657527 
0.416052917300  0.876942821762 
0.414747247692  0.880085985998 
0.413445675575  0.883229150234 
0.412148188091  0.886372314470 
0.410854772420  0.889515478705 
0.409565415785  0.892658642941 
0.408280105447  0.895801807177 
0.406998828707  0.898944971412 
0.405721572909  0.902088135648 
0.404448325433  0.905231299884 
0.403179073699  0.908374464120 
0.401913805169  0.911517628355 
0.400652507343  0.914660792591 
0.399395167758  0.917803956827 
0.398141773994  0.920947121062 
0.396892313667  0.924090285298 
0.395646774434  0.927233449534 
0.394405143989  0.930376613769 
0.393167410066  0.933519778005 
0.391933560436  0.936662942241 
0.390703582909  0.939806106477 
0.389477465334  0.942949270712 
0.388255195598  0.946092434948 
0.387036761625  0.949235599184 
0.385822151378  0.952378763419 
0.384611352857  0.955521927655 
0.383404354099  0.958665091891 
0.382201143181  0.961808256127 
0.381001708215  0.964951420362 
0.379806037351  0.968094584598 
0.378614118777  0.971237748834 
0.377425940717  0.974380913069 
0.376241491433  0.977524077305 
0.375060759223  0.980667241541 
0.373883732422  0.983810405776 
0.372710399401  0.986953570012 
0.371540748569  0.990096734248 
0.370374768369  0.993239898484 
0.369212447284  0.996383062719 
0.368053773828  0.999526226955 
0.366898736556  1.002669391191 
0.365747324057  1.005812555426 
0.364599524954  1.008955719662 
0.363455327908  1.012098883898 
0.362314721616  1.015242048134 
0.361177694808  1.018385212369 
0.360044236251  1.021528376605 
0.358914334748  1.024671540841 
0.357787979135  1.027814705076 
0.356665158285  1.030957869312 
0.355545861104  1.034101033548 
0.354430076535  1.037244197784 
0.353317793554  1.040387362019 
0.352209001172  1.043530526255 
0.351103688436  1.046673690491 
0.350001844425  1.049816854726 
0.348903458254  1.052960018962 
0.347808519070  1.056103183198 
0.346717016058  1.059246347433 
0.345628938432  1.062389511669 
0.344544275444  1.065532675905 
0.343463016377  1.068675840141 
0.342385150550  1.071819004376 
0.341310667313  1.074962168612 
0.340239556051  1.078105332848 
0.339171806183  1.081248497083 
0.338107407159  1.084391661319 
0.337046348463  1.087534825555 
0.335988619613  1.090677989791 
0.334934210160  1.093821154026 
0.333883109685  1.096964318262 
0.332835307805  1.100107482498 
0.331790794168  1.103250646733 
0.330749558455  1.106393810969 
0.329711590378  1.109536975205 
0.328676879684  1.112680139441 
0.327645416150  1.115823303676 
0.326617189585  1.118966467912 
0.325592189831  1.122109632148 
0.324570406762  1.125252796383 
0.323551830282  1.128395960619 
0.322536450330  1.131539124855 
0.321524256873  1.134682289090 
0.320515239911  1.137825453326 
0.319509389477  1.140968617562 
0.318506695632  1.144111781798 
0.317507148471  1.147254946033 
0.316510738118  1.150398110269 
0.315517454730  1.153541274505 
0.314527288494  1.156684438740 
0.313540229626  1.159827602976 
0.312556268376  1.162970767212 
0.311575395022  1.166113931448 
0.310597599874  1.169257095683 
0.309622873272  1.172400259919 
0.308651205585  1.175543424155 
0.307682587215  1.178686588390 
0.306717008592  1.181829752626 
0.305754460177  1.184972916862 
0.304794932459  1.188116081097 
0.303838415960  1.191259245333 
0.302884901229  1.194402409569 
0.301934378847  1.197545573805 
0.300986839422  1.200688738040 
0.300042273593  1.203831902276 
0.299100672029  1.206975066512 
0.298162025427  1.210118230747 
0.297226324513  1.213261394983 
0.296293560044  1.216404559219 
0.295363722804  1.219547723455 
0.294436803607  1.222690887690 
0.293512793295  1.225834051926 
0.292591682739  1.228977216162 
0.291673462840  1.232120380397 
0.290758124526  1.235263544633 
0.289845658754  1.238406708869 
0.288936056509  1.241549873105 
0.288029308805  1.244693037340 
0.287125406683  1.247836201576 
0.286224341214  1.250979365812 
0.285326103495  1.254122530047 
0.284430684653  1.257265694283 
0.283538075840  1.260408858519 
0.282648268239  1.263552022754 
0.281761253058  1.266695186990 
0.280877021535  1.269838351226 
0.279995564933  1.272981515462 
0.279116874545  1.276124679697 
0.278240941689  1.279267843933 
0.277367757711  1.282411008169 
0.276497313986  1.285554172404 
0.275629601912  1.288697336640 
0.274764612919  1.291840500876 
0.273902338459  1.294983665112 
0.273042770015  1.298126829347 
0.272185899094  1.301269993583 
0.271331717230  1.304413157819 
0.270480215986  1.307556322054 
0.269631386948  1.310699486290 
0.268785221730  1.313842650526 
0.267941711974  1.316985814762 
0.267100849344  1.320128978997 
0.266262625535  1.323272143233 
0.265427032265  1.326415307469 
0.264594061278  1.329558471704 
0.263763704345  1.332701635940 
0.262935953263  1.335844800176 
0.262110799854  1.338987964411 
0.261288235966  1.342131128647 
0.260468253473  1.345274292883 
0.259650844272  1.348417457119 
0.258836000290  1.351560621354 
0.258023713475  1.354703785590 
0.257213975803  1.357846949826 
0.256406779273  1.360990114061 
0.255602115912  1.364133278297 
0.254799977769  1.367276442533 
0.254000356920  1.370419606769 
0.253203245464  1.373562771004 
0.252408635528  1.376705935240 
0.251616519260  1.379849099476 
0.250826888835  1.382992263711 
0.250039736451  1.386135427947 
0.249255054332  1.389278592183 
0.248472834726  1.392421756418 
0.247693069905  1.395564920654 
0.246915752165  1.398708084890 
0.246140873826  1.401851249126 
0.245368427234  1.404994413361 
0.244598404756  1.408137577597 
0.243830798786  1.411280741833 
0.243065601740  1.414423906068 
0.242302806058  1.417567070304 
0.241542404203  1.420710234540 
0.240784388665  1.423853398776 
0.240028751953  1.426996563011 
0.239275486603  1.430139727247 
0.238524585172  1.433282891483 
0.237776040243  1.436426055718 
0.237029844420  1.439569219954 
0.236285990330  1.442712384190 
0.235544470625  1.445855548426 
0.234805277980  1.448998712661 
0.234068405091  1.452141876897 
0.233333844678  1.455285041133 
0.232601589484  1.458428205368 
0.231871632276  1.461571369604 
0.231143965841  1.464714533840 
0.230418582990  1.467857698075 
0.229695476557  1.471000862311 
0.228974639398  1.474144026547 
0.228256064392  1.477287190783 
0.227539744439  1.480430355018 
0.226825672463  1.483573519254 
0.226113841408  1.486716683490 
0.225404244243  1.489859847725 
0.224696873957  1.493003011961 
0.223991723561  1.496146176197 
0.223288786089  1.499289340433 
0.222588054597  1.502432504668 
0.221889522160  1.505575668904 
0.221193181879  1.508718833140 
0.220499026874  1.511861997375 
0.219807050286  1.515005161611 
0.219117245280  1.518148325847 
0.218429605041  1.521291490083 
0.217744122774  1.524434654318 
0.217060791708  1.527577818554 
0.216379605092  1.530720982790 
0.215700556196  1.533864147025 
0.215023638312  1.537007311261 
0.214348844751  1.540150475497 
0.213676168848  1.543293639732 
0.213005603956  1.546436803968 
0.212337143450  1.549579968204 
0.211670780727  1.552723132440 
0.211006509204  1.555866296675 
0.210344322317  1.559009460911 
0.209684213524  1.562152625147 
0.209026176305  1.565295789382 
0.208370204157  1.568438953618 
0.207716290601  1.571582117854 
0.207064429176  1.574725282090 
0.206414613441  1.577868446325 
0.205766836978  1.581011610561 
0.205121093385  1.584154774797 
0.204477376285  1.587297939032 
0.203835679317  1.590441103268 
0.203195996141  1.593584267504 
0.202558320438  1.596727431739 
0.201922645907  1.599870595975 
0.201288966269  1.603013760211 
0.200657275264  1.606156924447 
0.200027566650  1.609300088682 
0.199399834206  1.612443252918 
0.198774071731  1.615586417154 
0.198150273042  1.618729581389 
0.197528431977  1.621872745625 
0.196908542392  1.625015909861 
0.196290598162  1.628159074097 
0.195674593184  1.631302238332 
0.195060521371  1.634445402568 
0.194448376656  1.637588566804 
0.193838152992  1.640731731039 
0.193229844349  1.643874895275 
0.192623444719  1.647018059511 
0.192018948111  1.650161223747 
0.191416348551  1.653304387982 
0.190815640088  1.656447552218 
0.190216816785  1.659590716454 
0.189619872728  1.662733880689 
0.189024802018  1.665877044925 
0.188431598776  1.669020209161 
0.187840257143  1.672163373396 
0.187250771275  1.675306537632 
0.186663135350  1.678449701868 
0.186077343561  1.681592866104 
0.185493390121  1.684736030339 
0.184911269261  1.687879194575 
0.184330975231  1.691022358811 
0.183752502296  1.694165523046 
0.183175844742  1.697308687282 
0.182600996872  1.700451851518 
0.182027953006  1.703595015754 
0.181456707484  1.706738179989 
0.180887254661  1.709881344225 
0.180319588912  1.713024508461 
0.179753704629  1.716167672696 
0.179189596220  1.719310836932 
0.178627258114  1.722454001168 
0.178066684753  1.725597165403 
0.177507870600  1.728740329639 
0.176950810135  1.731883493875 
0.176395497853  1.735026658111 
0.175841928269  1.738169822346 
0.175290095913  1.741312986582 
0.174739995333  1.744456150818 
0.174191621096  1.747599315053 
0.173644967783  1.750742479289 
0.173100029994  1.753885643525 
0.172556802345  1.757028807761 
0.172015279468  1.760171971996 
0.171475456015  1.763315136232 
0.170937326652  1.766458300468 
0.170400886062  1.769601464703 
0.169866128947  1.772744628939 
0.169333050021  1.775887793175 
0.168801644020  1.779030957411 
0.168271905693  1.782174121646 
0.167743829807  1.785317285882 
0.167217411144  1.788460450118 
0.166692644503  1.791603614353 
0.166169524701  1.794746778589 
0.165648046569  1.797889942825 
0.165128204955  1.801033107060 
0.164609994724  1.804176271296 
0.164093410755  1.807319435532 
0.163578447945  1.810462599768 
0.163065101207  1.813605764003 
0.162553365469  1.816748928239 
0.162043235675  1.819892092475 
0.161534706786  1.823035256710 
0.161027773777  1.826178420946 
0.160522431640  1.829321585182 
0.160018675383  1.832464749418 
0.159516500028  1.835607913653 
0.159015900616  1.838751077889 
0.158516872199  1.841894242125 
0.158019409848  1.845037406360 
0.157523508648  1.848180570596 
0.157029163700  1.851323734832 
0.156536370120  1.854466899068 
0.156045123040  1.857610063303 
0.155555417605  1.860753227539 
0.155067248979  1.863896391775 
0.154580612338  1.867039556010 
0.154095502874  1.870182720246 
0.153611915796  1.873325884482 
0.153129846325  1.876469048717 
0.152649289698  1.879612212953 
0.152170241169  1.882755377189 
0.151692696003  1.885898541425 
0.151216649485  1.889041705660 
0.150742096909  1.892184869896 
0.150269033589  1.895328034132 
0.149797454849  1.898471198367 
0.149327356033  1.901614362603 
0.148858732494  1.904757526839 
0.148391579604  1.907900691075 
0.147925892746  1.911043855310 
0.147461667321  1.914187019546 
0.146998898742  1.917330183782 
0.146537582437  1.920473348017 
0.146077713849  1.923616512253 
0.145619288434  1.926759676489 
0.145162301663  1.929902840724 
0.144706749021  1.933046004960 
0.144252626008  1.936189169196 
0.143799928138  1.939332333432 
0.143348650937  1.942475497667 
0.142898789948  1.945618661903 
0.142450340726  1.948761826139 
0.142003298841  1.951904990374 
0.141557659876  1.955048154610 
0.141113419428  1.958191318846 
0.140670573109  1.961334483082 
0.140229116543  1.964477647317 
0.139789045370  1.967620811553 
0.139350355241  1.970763975789 
0.138913041822  1.973907140024 
0.138477100793  1.977050304260 
0.138042527847  1.980193468496 
0.137609318691  1.983336632732 
0.137177469045  1.986479796967 
0.136746974642  1.989622961203 
0.136317831229  1.992766125439 
0.135890034567  1.995909289674 
0.135463580429  1.999052453910 
0.135038464602  2.002195618146 
0.134614682887  2.005338782381 
0.134192231095  2.008481946617 
0.133771105055  2.011625110853 
0.133351300604  2.014768275089 
0.132932813597  2.017911439324 
0.132515639897  2.021054603560 
0.132099775385  2.024197767796 
0.131685215951  2.027340932031 
0.131271957500  2.030484096267 
0.130859995948  2.033627260503 
0.130449327227  2.036770424739 
0.130039947278  2.039913588974 
0.129631852058  2.043056753210 
0.129225037534  2.046199917446 
0.128819499688  2.049343081681 
0.128415234512  2.052486245917 
0.128012238013  2.055629410153 
0.127610506210  2.058772574389 
0.127210035134  2.061915738624 
0.126810820828  2.065058902860 
0.126412859348  2.068202067096 
0.126016146763  2.071345231331 
0.125620679152  2.074488395567 
0.125226452610  2.077631559803 
0.124833463242  2.080774724038 
0.124441707164  2.083917888274 
0.124051180507  2.087061052510 
0.123661879412  2.090204216746 
0.123273800034  2.093347380981 
0.122886938537  2.096490545217 
0.122501291101  2.099633709453 
0.122116853915  2.102776873688 
0.121733623181  2.105920037924 
0.121351595114  2.109063202160 
0.120970765938  2.112206366396 
0.120591131891  2.115349530631 
0.120212689224  2.118492694867 
0.119835434196  2.121635859103 
0.119459363082  2.124779023338 
0.119084472164  2.127922187574 
0.118710757741  2.131065351810 
0.118338216119  2.134208516045 
0.117966843619  2.137351680281 
0.117596636571  2.140494844517 
0.117227591317  2.143638008753 
0.116859704212  2.146781172988 
0.116492971622  2.149924337224 
0.116127389922  2.153067501460 
0.115762955502  2.156210665695 
0.115399664761  2.159353829931 
0.115037514109  2.162496994167 
0.114676499970  2.165640158403 
0.114316618776  2.168783322638 
0.113957866971  2.171926486874 
0.113600241012  2.175069651110 
0.113243737366  2.178212815345 
0.112888352510  2.181355979581 
0.112534082933  2.184499143817 
0.112180925135  2.187642308053 
0.111828875628  2.190785472288 
0.111477930933  2.193928636524 
0.111128087583  2.197071800760 
0.110779342122  2.200214964995 
0.110431691104  2.203358129231 
0.110085131095  2.206501293467 
0.109739658671  2.209644457702 
0.109395270418  2.212787621938 
0.109051962935  2.215930786174 
0.108709732830  2.219073950410 
0.108368576721  2.222217114645 
0.108028491239  2.225360278881 
0.107689473023  2.228503443117 
0.107351518724  2.231646607352 
0.107014625003  2.234789771588 
0.106678788532  2.237932935824 
0.106344005993  2.241076100060 
0.106010274079  2.244219264295 
0.105677589492  2.247362428531 
0.105345948945  2.250505592767 
0.105015349163  2.253648757002 
0.104685786879  2.256791921238 
0.104357258837  2.259935085474 
0.104029761791  2.263078249710 
0.103703292507  2.266221413945 
0.103377847758  2.269364578181 
0.103053424329  2.272507742417 
0.102730019015  2.275650906652 
0.102407628622  2.278794070888 
0.102086249964  2.281937235124 
0.101765879866  2.285080399359 
0.101446515163  2.288223563595 
0.101128152699  2.291366727831 
0.100810789330  2.294509892067 
0.100494421920  2.297653056302 
0.100179047344  2.300796220538 
0.099864662486  2.303939384774 
0.099551264240  2.307082549009 
0.099238849509  2.310225713245 
0.098927415207  2.313368877481 
0.098616958258  2.316512041717 
0.098307475594  2.319655205952 
0.097998964158  2.322798370188 
0.097691420901  2.325941534424 
0.097384842786  2.329084698659 
0.097079226783  2.332227862895 
0.096774569874  2.335371027131 
0.096470869047  2.338514191366 
0.096168121304  2.341657355602 
0.095866323653  2.344800519838 
0.095565473112  2.347943684074 
0.095265566709  2.351086848309 
0.094966601482  2.354230012545 
0.094668574476  2.357373176781 
0.094371482747  2.360516341016 
0.094075323360  2.363659505252 
0.093780093389  2.366802669488 
0.093485789918  2.369945833724 
0.093192410039  2.373088997959 
0.092899950853  2.376232162195 
0.092608409471  2.379375326431 
0.092317783013  2.382518490666 
0.092028068608  2.385661654902 
0.091739263393  2.388804819138 
0.091451364515  2.391947983374 
0.091164369130  2.395091147609 
0.090878274402  2.398234311845 
0.090593077505  2.401377476081 
0.090308775622  2.404520640316 
0.090025365943  2.407663804552 
0.089742845669  2.410806968788 
0.089461212008  2.413950133023 
0.089180462179  2.417093297259 
0.088900593407  2.420236461495 
0.088621602927  2.423379625731 
0.088343487984  2.426522789966 
0.088066245829  2.429665954202 
0.087789873724  2.432809118438 
0.087514368937  2.435952282673 
0.087239728749  2.439095446909 
0.086965950444  2.442238611145 
0.086693031318  2.445381775381 
0.086420968675  2.448524939616 
0.086149759828  2.451668103852 
0.085879402096  2.454811268088 
0.085609892808  2.457954432323 
0.085341229303  2.461097596559 
0.085073408925  2.464240760795 
0.084806429030  2.467383925031 
0.084540286978  2.470527089266 
0.084274980141  2.473670253502 
0.084010505899  2.476813417738 
0.083746861637  2.479956581973 
0.083484044751  2.483099746209 
0.083222052645  2.486242910445 
0.082960882731  2.489386074680 
0.082700532427  2.492529238916 
0.082440999163  2.495672403152 
0.082182280374  2.498815567388 
0.081924373503  2.501958731623 
0.081667276004  2.505101895859 
0.081410985336  2.508245060095 
0.081155498966  2.511388224330 
0.080900814372  2.514531388566 
0.080646929036  2.517674552802 
0.080393840451  2.520817717038 
0.080141546116  2.523960881273 
0.079890043538  2.527104045509 
0.079639330234  2.530247209745 
0.079389403725  2.533390373980 
0.079140261543  2.536533538216 
0.078891901226  2.539676702452 
0.078644320322  2.542819866687 
0.078397516382  2.545963030923 
0.078151486971  2.549106195159 
0.077906229656  2.552249359395 
0.077661742015  2.555392523630 
0.077418021632  2.558535687866 
0.077175066100  2.561678852102 
0.076932873018  2.564822016337 
0.076691439993  2.567965180573 
0.076450764641  2.571108344809 
0.076210844584  2.574251509045 
0.075971677450  2.577394673280 
0.075733260878  2.580537837516 
0.075495592512  2.583681001752 
0.075258670004  2.586824165987 
0.075022491013  2.589967330223 
0.074787053206  2.593110494459 
0.074552354257  2.596253658695 
0.074318391848  2.599396822930 
0.074085163665  2.602539987166 
0.073852667407  2.605683151402 
0.073620900775  2.608826315637 
0.073389861480  2.611969479873 
0.073159547240  2.615112644109 
0.072929955778  2.618255808344 
0.072701084827  2.621398972580 
0.072472932126  2.624542136816 
0.072245495421  2.627685301052 
0.072018772464  2.630828465287 
0.071792761015  2.633971629523 
0.071567458843  2.637114793759 
0.071342863720  2.640257957994 
0.071118973429  2.643401122230 
0.070895785757  2.646544286466 
0.070673298499  2.649687450702 
0.070451509457  2.652830614937 
0.070230416440  2.655973779173 
0.070010017263  2.659116943409 
0.069790309750  2.662260107644 
0.069571291730  2.665403271880 
0.069352961038  2.668546436116 
0.069135315518  2.671689600351 
0.068918353020  2.674832764587 
0.068702071400  2.677975928823 
0.068486468522  2.681119093059 
0.068271542254  2.684262257294 
0.068057290475  2.687405421530 
0.067843711067  2.690548585766 
0.067630801920  2.693691750001 
0.067418560931  2.696834914237 
0.067206986003  2.699978078473 
0.066996075046  2.703121242709 
0.066785825976  2.706264406944 
0.066576236715  2.709407571180 
0.066367305194  2.712550735416 
0.066159029348  2.715693899651 
0.065951407120  2.718837063887 
0.065744436457  2.721980228123 
0.065538115316  2.725123392359 
0.065332441659  2.728266556594 
0.065127413452  2.731409720830 
0.064923028671  2.734552885066 
0.064719285296  2.737696049301 
0.064516181315  2.740839213537 
0.064313714721  2.743982377773 
0.064111883514  2.747125542008 
0.063910685699  2.750268706244 
0.063710119289  2.753411870480 
0.063510182303  2.756555034716 
0.063310872764  2.759698198951 
0.063112188705  2.762841363187 
0.062914128162  2.765984527423 
0.062716689179  2.769127691658 
0.062519869804  2.772270855894 
0.062323668094  2.775414020130 
0.062128082110  2.778557184366 
0.061933109920  2.781700348601 
0.061738749597  2.784843512837 
0.061544999221  2.787986677073 
0.061351856879  2.791129841308 
0.061159320662  2.794273005544 
0.060967388667  2.797416169780 
0.060776058999  2.800559334016 
0.060585329768  2.803702498251 
0.060395199089  2.806845662487 
0.060205665083  2.809988826723 
0.060016725879  2.813131990958 
0.059828379609  2.816275155194 
0.059640624414  2.819418319430 
0.059453458437  2.822561483665 
0.059266879830  2.825704647901 
0.059080886749  2.828847812137 
0.058895477358  2.831990976373 
0.058710649823  2.835134140608 
0.058526402320  2.838277304844 
0.058342733028  2.841420469080 
0.058159640133  2.844563633315 
0.057977121825  2.847706797551 
0.057795176301  2.850849961787 
0.057613801764  2.853993126023 
0.057432996422  2.857136290258 
0.057252758489  2.860279454494 
0.057073086184  2.863422618730 
0.056893977732  2.866565782965 
0.056715431363  2.869708947201 
0.056537445314  2.872852111437 
0.056360017825  2.875995275672 
0.056183147146  2.879138439908 
0.056006831526  2.882281604144 
0.055831069226  2.885424768380 
0.055655858508  2.888567932615 
0.055481197642  2.891711096851 
0.055307084902  2.894854261087 
0.055133518567  2.897997425322 
0.054960496924  2.901140589558 
0.054788018262  2.904283753794 
0.054616080877  2.907426918030 
0.054444683072  2.910570082265 
0.054273823153  2.913713246501 
0.054103499431  2.916856410737 
0.053933710224  2.919999574972 
0.053764453854  2.923142739208 
0.053595728650  2.926285903444 
0.053427532944  2.929429067680 
0.053259865076  2.932572231915 
0.053092723387  2.935715396151 
0.052926106227  2.938858560387 
0.052760011951  2.942001724622 
0.052594438916  2.945144888858 
0.052429385488  2.948288053094 
0.052264850035  2.951431217329 
0.052100830932  2.954574381565 
0.051937326558  2.957717545801 
0.051774335299  2.960860710037 
0.051611855544  2.964003874272 
0.051449885688  2.967147038508 
0.051288424131  2.970290202744 
0.051127469276  2.973433366979 
0.050967019536  2.976576531215 
0.050807073323  2.979719695451 
0.050647629058  2.982862859687 
0.050488685166  2.986006023922 
0.050330240076  2.989149188158 
0.050172292224  2.992292352394 
0.050014840048  2.995435516629 
0.049857881993  2.998578680865 
0.049701416509  3.001721845101 
0.049545442049  3.004865009337 
0.049389957073  3.008008173572 
0.049234960045  3.011151337808 
0.049080449432  3.014294502044 
0.048926423710  3.017437666279 
0.048772881356  3.020580830515 
0.048619820852  3.023723994751 
0.048467240688  3.026867158986 
0.048315139356  3.030010323222 
0.048163515352  3.033153487458 
0.048012367179  3.036296651694 
0.047861693344  3.039439815929 
0.047711492358  3.042582980165 
0.047561762737  3.045726144401 
0.047412503003  3.048869308636 
0.047263711679  3.052012472872 
0.047115387297  3.055155637108 
0.046967528391  3.058298801344 
0.046820133500  3.061441965579 
0.046673201168  3.064585129815 
0.046526729943  3.067728294051 
0.046380718379  3.070871458286 
0.046235165033  3.074014622522 
0.046090068466  3.077157786758 
0.045945427246  3.080300950993 
0.045801239943  3.083444115229 
0.045657505133  3.086587279465 
0.045514221396  3.089730443701 
0.045371387316  3.092873607936 
0.045229001483  3.096016772172 
0.045087062489  3.099159936408 
0.044945568931  3.102303100643 
0.044804519414  3.105446264879 
0.044663912542  3.108589429115 
0.044523746926  3.111732593351 
0.044384021183  3.114875757586 
0.044244733931  3.118018921822 
0.044105883794  3.121162086058 
0.043967469401  3.124305250293 
0.043829489384  3.127448414529 
0.043691942381  3.130591578765 
0.043554827031  3.133734743001 
0.043418141981  3.136877907236 
0.043281885879  3.140021071472 
0.043146057381  3.143164235708 
0.043010655144  3.146307399943 
0.042875677830  3.149450564179 
0.042741124106  3.152593728415 
0.042606992642  3.155736892650 
0.042473282114  3.158880056886 
0.042339991200  3.162023221122 
0.042207118583  3.165166385358 
0.042074662952  3.168309549593 
0.041942622996  3.171452713829 
0.041810997412  3.174595878065 
0.041679784900  3.177739042300 
0.041548984162  3.180882206536 
0.041418593908  3.184025370772 
0.041288612848  3.187168535008 
0.041159039698  3.190311699243 
0.041029873178  3.193454863479 
0.040901112013  3.196598027715 
0.040772754930  3.199741191950 
0.040644800661  3.202884356186 
0.040517247942  3.206027520422 
0.040390095512  3.209170684658 
0.040263342116  3.212313848893 
0.040136986502  3.215457013129 
0.040011027420  3.218600177365 
0.039885463627  3.221743341600 
0.039760293881  3.224886505836 
0.039635516948  3.228029670072 
0.039511131593  3.231172834307 
0.039387136587  3.234315998543 
0.039263530707  3.237459162779 
0.039140312730  3.240602327015 
0.039017481439  3.243745491250 
0.038895035622  3.246888655486 
0.038772974067  3.250031819722 
0.038651295569  3.253174983957 
0.038529998927  3.256318148193 
0.038409082941  3.259461312429 
0.038288546418  3.262604476665 
0.038168388165  3.265747640900 
0.038048606997  3.268890805136 
0.037929201730  3.272033969372 
0.037810171184  3.275177133607 
0.037691514183  3.278320297843 
0.037573229555  3.281463462079 
0.037455316132  3.284606626314 
0.037337772747  3.287749790550 
0.037220598241  3.290892954786 
0.037103791456  3.294036119022 
0.036987351237  3.297179283257 
0.036871276434  3.300322447493 
0.036755565900  3.303465611729 
0.036640218493  3.306608775964 
0.036525233072  3.309751940200 
0.036410608502  3.312895104436 
0.036296343650  3.316038268672 
0.036182437388  3.319181432907 
0.036068888589  3.322324597143 
0.035955696133  3.325467761379 
0.035842858901  3.328610925614 
0.035730375778  3.331754089850 
0.035618245653  3.334897254086 
0.035506467417  3.338040418322 
0.035395039968  3.341183582557 
0.035283962204  3.344326746793 
0.035173233027  3.347469911029 
0.035062851343  3.350613075264 
0.034952816063  3.353756239500 
0.034843126099  3.356899403736 
0.034733780367  3.360042567971 
0.034624777787  3.363185732207 
0.034516117282  3.366328896443 
0.034407797779  3.369472060679 
0.034299818207  3.372615224914 
0.034192177500  3.375758389150 
0.034084874594  3.378901553386 
0.033977908429  3.382044717621 
0.033871277949  3.385187881857 
0.033764982100  3.388331046093 
0.033659019831  3.391474210329 
0.033553390097  3.394617374564 
0.033448091853  3.397760538800 
0.033343124058  3.400903703036 
0.033238485677  3.404046867271 
0.033134175676  3.407190031507 
0.033030193022  3.410333195743 
0.032926536691  3.413476359979 
0.032823205657  3.416619524214 
0.032720198899  3.419762688450 
0.032617515400  3.422905852686 
0.032515154146  3.426049016921 
0.032413114124  3.429192181157 
0.032311394328  3.432335345393 
0.032209993752  3.435478509628 
0.032108911394  3.438621673864 
0.032008146255  3.441764838100 
0.031907697341  3.444908002336 
0.031807563659  3.448051166571 
0.031707744219  3.451194330807 
0.031608238035  3.454337495043 
0.031509044125  3.457480659278 
0.031410161508  3.460623823514 
0.031311589207  3.463766987750 
0.031213326249  3.466910151986 
0.031115371663  3.470053316221 
0.031017724480  3.473196480457 
0.030920383737  3.476339644693 
0.030823348472  3.479482808928 
0.030726617725  3.482625973164 
0.030630190542  3.485769137400 
0.030534065969  3.488912301635 
0.030438243057  3.492055465871 
0.030342720860  3.495198630107 
0.030247498433  3.498341794343 
0.030152574836  3.501484958578 
0.030057949132  3.504628122814 
0.029963620384  3.507771287050 
0.029869587661  3.510914451285 
0.029775850035  3.514057615521 
0.029682406579  3.517200779757 
0.029589256371  3.520343943993 
0.029496398488  3.523487108228 
0.029403832016  3.526630272464 
0.029311556038  3.529773436700 
0.029219569643  3.532916600935 
0.029127871923  3.536059765171 
0.029036461971  3.539202929407 
0.028945338885  3.542346093643 
0.028854501763  3.545489257878 
0.028763949710  3.548632422114 
0.028673681830  3.551775586350 
0.028583697231  3.554918750585 
0.028493995024  3.558061914821 
0.028404574323  3.561205079057 
0.028315434246  3.564348243292 
0.028226573910  3.567491407528 
0.028137992438  3.570634571764 
0.028049688956  3.573777736000 
0.027961662590  3.576920900235 
0.027873912471  3.580064064471 
0.027786437732  3.583207228707 
0.027699237508  3.586350392942 
0.027612310939  3.589493557178 
0.027525657166  3.592636721414 
0.027439275332  3.595779885650 
0.027353164584  3.598923049885 
0.027267324072  3.602066214121 
0.027181752946  3.605209378357 
0.027096450363  3.608352542592 
0.027011415479  3.611495706828 
0.026926647453  3.614638871064 
0.026842145449  3.617782035300 
0.026757908632  3.620925199535 
0.026673936169  3.624068363771 
0.026590227232  3.627211528007 
0.026506780992  3.630354692242 
0.026423596625  3.633497856478 
0.026340673310  3.636641020714 
0.026258010228  3.639784184949 
0.026175606561  3.642927349185 
0.026093461496  3.646070513421 
0.026011574221  3.649213677657 
0.025929943927  3.652356841892 
0.025848569808  3.655500006128 
0.025767451060  3.658643170364 
0.025686586880  3.661786334599 
0.025605976471  3.664929498835 
0.025525619036  3.668072663071 
0.025445513781  3.671215827307 
0.025365659915  3.674358991542 
0.025286056649  3.677502155778 
0.025206703196  3.680645320014 
0.025127598772  3.683788484249 
0.025048742596  3.686931648485 
0.024970133889  3.690074812721 
0.024891771874  3.693217976956 
0.024813655777  3.696361141192 
0.024735784826  3.699504305428 
0.024658158252  3.702647469664 
0.024580775289  3.705790633899 
0.024503635170  3.708933798135 
0.024426737136  3.712076962371 
0.024350080424  3.715220126606 
0.024273664280  3.718363290842 
0.024197487946  3.721506455078 
0.024121550672  3.724649619314 
0.024045851706  3.727792783549 
0.023970390301  3.730935947785 
0.023895165711  3.734079112021 
0.023820177193  3.737222276256 
0.023745424006  3.740365440492 
0.023670905412  3.743508604728 
0.023596620674  3.746651768964 
0.023522569059  3.749794933199 
0.023448749835  3.752938097435 
0.023375162273  3.756081261671 
0.023301805645  3.759224425906 
0.023228679228  3.762367590142 
0.023155782297  3.765510754378 
0.023083114134  3.768653918613 
0.023010674021  3.771797082849 
0.022938461241  3.774940247085 
0.022866475081  3.778083411321 
0.022794714831  3.781226575556 
0.022723179781  3.784369739792 
0.022651869224  3.787512904028 
0.022580782456  3.790656068263 
0.022509918774  3.793799232499 
0.022439277479  3.796942396735 
0.022368857873  3.800085560971 
0.022298659260  3.803228725206 
0.022228680946  3.806371889442 
0.022158922240  3.809515053678 
0.022089382453  3.812658217913 
0.022020060897  3.815801382149 
0.021950956889  3.818944546385 
0.021882069745  3.822087710620 
0.021813398784  3.825230874856 
0.021744943329  3.828374039092 
0.021676702703  3.831517203328 
0.021608676231  3.834660367563 
0.021540863243  3.837803531799 
0.021473263067  3.840946696035 
0.021405875035  3.844089860270 
0.021338698483  3.847233024506 
0.021271732747  3.850376188742 
0.021204977164  3.853519352978 
0.021138431075  3.856662517213 
0.021072093824  3.859805681449 
0.021005964754  3.862948845685 
0.020940043212  3.866092009920 
0.020874328547  3.869235174156 
0.020808820110  3.872378338392 
0.020743517254  3.875521502628 
0.020678419332  3.878664666863 
0.020613525703  3.881807831099 
0.020548835726  3.884950995335 
0.020484348760  3.888094159570 
0.020420064169  3.891237323806 
0.020355981318  3.894380488042 
0.020292099573  3.897523652277 
0.020228418304  3.900666816513 
0.020164936882  3.903809980749 
0.020101654679  3.906953144985 
0.020038571070  3.910096309220 
0.019975685431  3.913239473456 
0.019912997143  3.916382637692 
0.019850505584  3.919525801927 
0.019788210139  3.922668966163 
0.019726110191  3.925812130399 
0.019664205127  3.928955294635 
0.019602494335  3.932098458870 
0.019540977205  3.935241623106 
0.019479653131  3.938384787342 
0.019418521506  3.941527951577 
0.019357581725  3.944671115813 
0.019296833188  3.947814280049 
0.019236275294  3.950957444285 
0.019175907444  3.954100608520 
0.019115729042  3.957243772756 
0.019055739494  3.960386936992 
0.018995938207  3.963530101227 
0.018936324591  3.966673265463 
0.018876898055  3.969816429699 
0.018817658013  3.972959593934 
0.018758603881  3.976102758170 
0.018699735074  3.979245922406 
0.018641051010  3.982389086642 
0.018582551111  3.985532250877 
0.018524234798  3.988675415113 
0.018466101495  3.991818579349 
0.018408150627  3.994961743584 
0.018350381623  3.998104907820 
0.018292793911  4.001248072056 
0.018235386922  4.004391236292 
0.018178160090  4.007534400527 
0.018121112849  4.010677564763 
0.018064244635  4.013820728999 
0.018007554886  4.016963893234 
0.017951043043  4.020107057470 
0.017894708548  4.023250221706 
0.017838550842  4.026393385941 
0.017782569373  4.029536550177 
0.017726763586  4.032679714413 
0.017671132931  4.035822878649 
0.017615676857  4.038966042884 
0.017560394817  4.042109207120 
0.017505286265  4.045252371356 
0.017450350657  4.048395535591 
0.017395587449  4.051538699827 
0.017340996100  4.054681864063 
0.017286576072  4.057825028299 
0.017232326826  4.060968192534 
0.017178247827  4.064111356770 
0.017124338540  4.067254521006 
0.017070598432  4.070397685241 
0.017017026974  4.073540849477 
0.016963623635  4.076684013713 
0.016910387888  4.079827177949 
0.016857319207  4.082970342184 
0.016804417068  4.086113506420 
0.016751680948  4.089256670656 
0.016699110326  4.092399834891 
0.016646704682  4.095542999127 
0.016594463500  4.098686163363 
0.016542386262  4.101829327598 
0.016490472455  4.104972491834 
0.016438721565  4.108115656070 
0.016387133081  4.111258820306 
0.016335706494  4.114401984541 
0.016284441295  4.117545148777 
0.016233336979  4.120688313013 
0.016182393039  4.123831477248 
0.016131608973  4.126974641484 
0.016080984279  4.130117805720 
0.016030518457  4.133260969956 
0.015980211009  4.136404134191 
0.015930061436  4.139547298427 
0.015880069245  4.142690462663 
0.015830233940  4.145833626898 
0.015780555031  4.148976791134 
0.015731032025  4.152119955370 
0.015681664433  4.155263119606 
0.015632451769  4.158406283841 
0.015583393545  4.161549448077 
0.015534489277  4.164692612313 
0.015485738482  4.167835776548 
0.015437140678  4.170978940784 
0.015388695385  4.174122105020 
0.015340402125  4.177265269255 
0.015292260420  4.180408433491 
0.015244269794  4.183551597727 
0.015196429775  4.186694761963 
0.015148739888  4.189837926198 
0.015101199663  4.192981090434 
0.015053808630  4.196124254670 
0.015006566321  4.199267418905 
0.014959472270  4.202410583141 
0.014912526010  4.205553747377 
0.014865727079  4.208696911613 
0.014819075013  4.211840075848 
0.014772569352  4.214983240084 
0.014726209637  4.218126404320 
0.014679995409  4.221269568555 
0.014633926212  4.224412732791 
0.014588001590  4.227555897027 
0.014542221091  4.230699061262 
0.014496584261  4.233842225498 
0.014451090650  4.236985389734 
0.014405739809  4.240128553970 
0.014360531289  4.243271718205 
0.014315464644  4.246414882441 
0.014270539428  4.249558046677 
0.014225755198  4.252701210912 
0.014181111511  4.255844375148 
0.014136607926  4.258987539384 
0.014092244003  4.262130703620 
0.014048019305  4.265273867855 
0.014003933394  4.268417032091 
0.013959985835  4.271560196327 
0.013916176193  4.274703360562 
0.013872504036  4.277846524798 
0.013828968933  4.280989689034 
0.013785570452  4.284132853270 
0.013742308166  4.287276017505 
0.013699181647  4.290419181741 
0.013656190469  4.293562345977 
0.013613334207  4.296705510212 
0.013570612437  4.299848674448 
0.013528024739  4.302991838684 
0.013485570690  4.306135002919 
0.013443249872  4.309278167155 
0.013401061867  4.312421331391 
0.013359006257  4.315564495627 
0.013317082627  4.318707659862 
0.013275290563  4.321850824098 
0.013233629652  4.324993988334 
0.013192099483  4.328137152569 
0.013150699645  4.331280316805 
0.013109429730  4.334423481041 
0.013068289328  4.337566645277 
0.013027278035  4.340709809512 
0.012986395445  4.343852973748 
0.012945641153  4.346996137984 
0.012905014758  4.350139302219 
0.012864515858  4.353282466455 
0.012824144053  4.356425630691 
0.012783898943  4.359568794927 
0.012743780132  4.362711959162 
0.012703787223  4.365855123398 
0.012663919822  4.368998287634 
0.012624177533  4.372141451869 
0.012584559964  4.375284616105 
0.012545066725  4.378427780341 
0.012505697424  4.381570944576 
0.012466451674  4.384714108812 
0.012427329085  4.387857273048 
0.012388329272  4.391000437284 
0.012349451850  4.394143601519 
0.012310696434  4.397286765755 
0.012272062641  4.400429929991 
0.012233550090  4.403573094226 
0.012195158400  4.406716258462 
0.012156887192  4.409859422698 
0.012118736088  4.413002586934 
0.012080704711  4.416145751169 
0.012042792685  4.419288915405 
0.012004999636  4.422432079641 
0.011967325190  4.425575243876 
0.011929768975  4.428718408112 
0.011892330620  4.431861572348 
0.011855009755  4.435004736583 
0.011817806012  4.438147900819 
0.011780719023  4.441291065055 
0.011743748421  4.444434229291 
0.011706893841  4.447577393526 
0.011670154919  4.450720557762 
0.011633531293  4.453863721998 
0.011597022600  4.457006886233 
0.011560628480  4.460150050469 
0.011524348572  4.463293214705 
0.011488182520  4.466436378941 
0.011452129965  4.469579543176 
0.011416190551  4.472722707412 
0.011380363923  4.475865871648 
0.011344649727  4.479009035883 
0.011309047611  4.482152200119 
0.011273557222  4.485295364355 
0.011238178210  4.488438528591 
0.011202910226  4.491581692826 
0.011167752921  4.494724857062 
0.011132705947  4.497868021298 
0.011097768959  4.501011185533 
0.011062941611  4.504154349769 
0.011028223560  4.507297514005 
0.010993614462  4.510440678240 
0.010959113974  4.513583842476 
0.010924721758  4.516727006712 
0.010890437472  4.519870170948 
0.010856260778  4.523013335183 
0.010822191338  4.526156499419 
0.010788228816  4.529299663655 
0.010754372877  4.532442827890 
0.010720623185  4.535585992126 
0.010686979407  4.538729156362 
0.010653441211  4.541872320598 
0.010620008266  4.545015484833 
0.010586680241  4.548158649069 
0.010553456807  4.551301813305 
0.010520337636  4.554444977540 
0.010487322400  4.557588141776 
0.010454410774  4.560731306012 
0.010421602432  4.563874470248 
0.010388897050  4.567017634483 
0.010356294305  4.570160798719 
0.010323793875  4.573303962955 
0.010291395439  4.576447127190 
0.010259098676  4.579590291426 
0.010226903268  4.582733455662 
0.010194808897  4.585876619897 
0.010162815245  4.589019784133 
0.010130921997  4.592162948369 
0.010099128837  4.595306112605 
0.010067435451  4.598449276840 
0.010035841527  4.601592441076 
0.010004346751  4.604735605312 
0.009972950813  4.607878769547 
0.009941653403  4.611021933783 
0.009910454212  4.614165098019 
0.009879352930  4.617308262255 
0.009848349252  4.620451426490 
0.009817442870  4.623594590726 
0.009786633480  4.626737754962 
0.009755920776  4.629880919197 
0.009725304456  4.633024083433 
0.009694784217  4.636167247669 
0.009664359758  4.639310411904 
0.009634030777  4.642453576140 
0.009603796976  4.645596740376 
0.009573658055  4.648739904612 
0.009543613718  4.651883068847 
0.009513663666  4.655026233083 
0.009483807604  4.658169397319 
0.009454045238  4.661312561554 
0.009424376273  4.664455725790 
0.009394800416  4.667598890026 
0.009365317374  4.670742054262 
0.009335926857  4.673885218497 
0.009306628575  4.677028382733 
0.009277422237  4.680171546969 
0.009248307555  4.683314711204 
0.009219284242  4.686457875440 
0.009190352011  4.689601039676 
0.009161510575  4.692744203912 
0.009132759651  4.695887368147 
0.009104098954  4.699030532383 
0.009075528200  4.702173696619 
0.009047047109  4.705316860854 
0.009018655397  4.708460025090 
0.008990352785  4.711603189326 
0.008962138993  4.714746353561 
0.008934013743  4.717889517797 
0.008905976756  4.721032682033 
0.008878027755  4.724175846269 
0.008850166465  4.727319010504 
0.008822392610  4.730462174740 
0.008794705916  4.733605338976 
0.008767106109  4.736748503211 
0.008739592917  4.739891667447 
0.008712166067  4.743034831683 
0.008684825289  4.746177995919 
0.008657570312  4.749321160154 
0.008630400868  4.752464324390 
0.008603316688  4.755607488626 
0.008576317505  4.758750652861 
0.008549403051  4.761893817097 
0.008522573060  4.765036981333 
0.008495827269  4.768180145569 
0.008469165412  4.771323309804 
0.008442587226  4.774466474040 
0.008416092448  4.777609638276 
0.008389680817  4.780752802511 
0.008363352072  4.783895966747 
0.008337105952  4.787039130983 
0.008310942199  4.790182295218 
0.008284860553  4.793325459454 
0.008258860758  4.796468623690 
0.008232942556  4.799611787926 
0.008207105692  4.802754952161 
0.008181349909  4.805898116397 
0.008155674954  4.809041280633 
0.008130080573  4.812184444868 
0.008104566513  4.815327609104 
0.008079132522  4.818470773340 
0.008053778349  4.821613937576 
0.008028503743  4.824757101811 
0.008003308454  4.827900266047 
0.007978192234  4.831043430283 
0.007953154834  4.834186594518 
0.007928196008  4.837329758754 
0.007903315508  4.840472922990 
0.007878513089  4.843616087225 
0.007853788505  4.846759251461 
0.007829141513  4.849902415697 
0.007804571869  4.853045579933 
0.007780079330  4.856188744168 
0.007755663654  4.859331908404 
0.007731324601  4.862475072640 
0.007707061928  4.865618236875 
0.007682875398  4.868761401111 
0.007658764771  4.871904565347 
0.007634729808  4.875047729583 
0.007610770272  4.878190893818 
0.007586885927  4.881334058054 
0.007563076537  4.884477222290 
0.007539341865  4.887620386525 
0.007515681679  4.890763550761 
0.007492095744  4.893906714997 
0.007468583827  4.897049879233 
0.007445145695  4.900193043468 
0.007421781118  4.903336207704 
0.007398489865  4.906479371940 
0.007375271704  4.909622536175 
0.007352126408  4.912765700411 
0.007329053747  4.915908864647 
0.007306053493  4.919052028882 
0.007283125419  4.922195193118 
0.007260269299  4.925338357354 
0.007237484906  4.928481521590 
0.007214772016  4.931624685825 
0.007192130405  4.934767850061 
0.007169559848  4.937911014297 
0.007147060122  4.941054178532 
0.007124631006  4.944197342768 
0.007102272278  4.947340507004 
0.007079983716  4.950483671240 
0.007057765101  4.953626835475 
0.007035616214  4.956769999711 
0.007013536834  4.959913163947 
0.006991526745  4.963056328182 
0.006969585728  4.966199492418 
0.006947713567  4.969342656654 
0.006925910046  4.972485820889 
0.006904174950  4.975628985125 
0.006882508063  4.978772149361 
0.006860909172  4.981915313597 
0.006839378064  4.985058477832 
0.006817914525  4.988201642068 
0.006796518343  4.991344806304 
0.006775189308  4.994487970539 
0.006753927207  4.997631134775 
0.006732731833  5.000774299011 
0.006711602974  5.003917463247 
0.006690540422  5.007060627482 
0.006669543970  5.010203791718 
0.006648613409  5.013346955954 
0.006627748533  5.016490120189 
0.006606949136  5.019633284425 
0.006586215012  5.022776448661 
0.006565545957  5.025919612897 
0.006544941766  5.029062777132 
0.006524402236  5.032205941368 
0.006503927163  5.035349105604 
0.006483516346  5.038492269839 
0.006463169582  5.041635434075 
0.006442886672  5.044778598311 
0.006422667414  5.047921762546 
0.006402511608  5.051064926782 
0.006382419057  5.054208091018 
0.006362389560  5.057351255254 
0.006342422920  5.060494419489 
0.006322518940  5.063637583725 
0.006302677424  5.066780747961 
0.006282898175  5.069923912196 
0.006263180997  5.073067076432 
0.006243525697  5.076210240668 
0.006223932079  5.079353404904 
0.006204399951  5.082496569139 
0.006184929119  5.085639733375 
0.006165519391  5.088782897611 
0.006146170575  5.091926061846 
0.006126882480  5.095069226082 
0.006107654916  5.098212390318 
0.006088487692  5.101355554554 
0.006069380619  5.104498718789 
0.006050333509  5.107641883025 
0.006031346173  5.110785047261 
0.006012418423  5.113928211496 
0.005993550073  5.117071375732 
0.005974740937  5.120214539968 
0.005955990828  5.123357704203 
0.005937299560  5.126500868439 
0.005918666951  5.129644032675 
0.005900092815  5.132787196911 
0.005881576968  5.135930361146 
0.005863119229  5.139073525382 
0.005844719414  5.142216689618 
0.005826377342  5.145359853853 
0.005808092832  5.148503018089 
0.005789865703  5.151646182325 
0.005771695775  5.154789346561 
0.005753582868  5.157932510796 
0.005735526803  5.161075675032 
0.005717527403  5.164218839268 
0.005699584489  5.167362003503 
0.005681697884  5.170505167739 
0.005663867411  5.173648331975 
0.005646092894  5.176791496210 
0.005628374158  5.179934660446 
0.005610711027  5.183077824682 
0.005593103327  5.186220988918 
0.005575550885  5.189364153153 
0.005558053525  5.192507317389 
0.005540611077  5.195650481625 
0.005523223367  5.198793645860 
0.005505890223  5.201936810096 
0.005488611475  5.205079974332 
0.005471386952  5.208223138568 
0.005454216483  5.211366302803 
0.005437099899  5.214509467039 
0.005420037031  5.217652631275 
0.005403027710  5.220795795510 
0.005386071768  5.223938959746 
0.005369169038  5.227082123982 
0.005352319352  5.230225288218 
0.005335522545  5.233368452453 
0.005318778450  5.236511616689 
0.005302086902  5.239654780925 
0.005285447735  5.242797945160 
0.005268860786  5.245941109396 
0.005252325891  5.249084273632 
0.005235842886  5.252227437867 
0.005219411609  5.255370602103 
0.005203031896  5.258513766339 
0.005186703587  5.261656930575 
0.005170426520  5.264800094810 
0.005154200534  5.267943259046 
0.005138025469  5.271086423282 
0.005121901165  5.274229587517 
0.005105827463  5.277372751753 
0.005089804204  5.280515915989 
0.005073831229  5.283659080225 
0.005057908382  5.286802244460 
0.005042035503  5.289945408696 
0.005026212438  5.293088572932 
0.005010439029  5.296231737167 
0.004994715121  5.299374901403 
0.004979040558  5.302518065639 
0.004963415185  5.305661229875 
0.004947838848  5.308804394110 
0.004932311393  5.311947558346 
0.004916832667  5.315090722582 
0.004901402517  5.318233886817 
0.004886020790  5.321377051053 
0.004870687335  5.324520215289 
0.004855402000  5.327663379524 
0.004840164633  5.330806543760 
0.004824975085  5.333949707996 
0.004809833205  5.337092872232 
0.004794738844  5.340236036467 
0.004779691852  5.343379200703 
0.004764692081  5.346522364939 
0.004749739383  5.349665529174 
0.004734833610  5.352808693410 
0.004719974615  5.355951857646 
0.004705162250  5.359095021882 
0.004690396371  5.362238186117 
0.004675676830  5.365381350353 
0.004661003482  5.368524514589 
0.004646376182  5.371667678824 
0.004631794787  5.374810843060 
0.004617259151  5.377954007296 
0.004602769131  5.381097171531 
0.004588324585  5.384240335767 
0.004573925368  5.387383500003 
0.004559571340  5.390526664239 
0.004545262358  5.393669828474 
0.004530998281  5.396812992710 
0.004516778968  5.399956156946 
0.004502604278  5.403099321181 
0.004488474072  5.406242485417 
0.004474388209  5.409385649653 
0.004460346551  5.412528813889 
0.004446348959  5.415671978124 
0.004432395295  5.418815142360 
0.004418485421  5.421958306596 
0.004404619199  5.425101470831 
0.004390796492  5.428244635067 
0.004377017164  5.431387799303 
0.004363281079  5.434530963539 
0.004349588101  5.437674127774 
0.004335938095  5.440817292010 
0.004322330925  5.443960456246 
0.004308766458  5.447103620481 
0.004295244559  5.450246784717 
0.004281765095  5.453389948953 
0.004268327933  5.456533113188 
0.004254932940  5.459676277424 
0.004241579983  5.462819441660 
0.004228268931  5.465962605896 
0.004214999652  5.469105770131 
0.004201772015  5.472248934367 
0.004188585889  5.475392098603 
0.004175441145  5.478535262838 
0.004162337652  5.481678427074 
0.004149275280  5.484821591310 
0.004136253901  5.487964755546 
0.004123273387  5.491107919781 
0.004110333608  5.494251084017 
0.004097434437  5.497394248253 
0.004084575747  5.500537412488 
0.004071757410  5.503680576724 
0.004058979300  5.506823740960 
0.004046241291  5.509966905196 
0.004033543256  5.513110069431 
0.004020885071  5.516253233667 
0.004008266610  5.519396397903 
0.003995687749  5.522539562138 
0.003983148363  5.525682726374 
0.003970648329  5.528825890610 
0.003958187522  5.531969054845 
0.003945765821  5.535112219081 
0.003933383102  5.538255383317 
0.003921039242  5.541398547553 
0.003908734120  5.544541711788 
0.003896467615  5.547684876024 
0.003884239605  5.550828040260 
0.003872049969  5.553971204495 
0.003859898587  5.557114368731 
0.003847785338  5.560257532967 
0.003835710104  5.563400697203 
0.003823672765  5.566543861438 
0.003811673202  5.569687025674 
0.003799711296  5.572830189910 
0.003787786929  5.575973354145 
0.003775899984  5.579116518381 
0.003764050342  5.582259682617 
0.003752237888  5.585402846852 
0.003740462504  5.588546011088 
0.003728724073  5.591689175324 
0.003717022481  5.594832339560 
0.003705357611  5.597975503795 
0.003693729347  5.601118668031 
0.003682137576  5.604261832267 
0.003670582183  5.607404996502 
0.003659063053  5.610548160738 
0.003647580073  5.613691324974 
0.003636133129  5.616834489210 
0.003624722108  5.619977653445 
0.003613346898  5.623120817681 
0.003602007385  5.626263981917 
0.003590703459  5.629407146152 
0.003579435007  5.632550310388 
0.003568201918  5.635693474624 
0.003557004080  5.638836638860 
0.003545841385  5.641979803095 
0.003534713720  5.645122967331 
0.003523620977  5.648266131567 
0.003512563045  5.651409295802 
0.003501539815  5.654552460038 
0.003490551179  5.657695624274 
0.003479597028  5.660838788509 
0.003468677253  5.663981952745 
0.003457791747  5.667125116981 
0.003446940403  5.670268281217 
0.003436123112  5.673411445452 
0.003425339769  5.676554609688 
0.003414590266  5.679697773924 
0.003403874497  5.682840938159 
0.003393192357  5.685984102395 
0.003382543740  5.689127266631 
0.003371928541  5.692270430867 
0.003361346655  5.695413595102 
0.003350797977  5.698556759338 
0.003340282404  5.701699923574 
0.003329799830  5.704843087809 
0.003319350154  5.707986252045 
0.003308933271  5.711129416281 
0.003298549078  5.714272580517 
0.003288197473  5.717415744752 
0.003277878355  5.720558908988 
0.003267591620  5.723702073224 
0.003257337167  5.726845237459 
0.003247114894  5.729988401695 
0.003236924702  5.733131565931 
0.003226766489  5.736274730166 
0.003216640155  5.739417894402 
0.003206545599  5.742561058638 
0.003196482723  5.745704222874 
0.003186451426  5.748847387109 
0.003176451609  5.751990551345 
0.003166483175  5.755133715581 
0.003156546023  5.758276879816 
0.003146640057  5.761420044052 
0.003136765178  5.764563208288 
0.003126921288  5.767706372524 
0.003117108291  5.770849536759 
0.003107326089  5.773992700995 
0.003097574586  5.777135865231 
0.003087853686  5.780279029466 
0.003078163292  5.783422193702 
0.003068503308  5.786565357938 
0.003058873640  5.789708522173 
0.003049274192  5.792851686409 
0.003039704870  5.795994850645 
0.003030165578  5.799138014881 
0.003020656222  5.802281179116 
0.003011176709  5.805424343352 
0.003001726945  5.808567507588 
0.002992306836  5.811710671823 
0.002982916290  5.814853836059 
0.002973555214  5.817997000295 
0.002964223515  5.821140164531 
0.002954921101  5.824283328766 
0.002945647880  5.827426493002 
0.002936403760  5.830569657238 
0.002927188651  5.833712821473 
0.002918002460  5.836855985709 
0.002908845098  5.839999149945 
0.002899716475  5.843142314181 
0.002890616498  5.846285478416 
0.002881545080  5.849428642652 
0.002872502130  5.852571806888 
0.002863487558  5.855714971123 
0.002854501277  5.858858135359 
0.002845543196  5.862001299595 
0.002836613228  5.865144463830 
0.002827711284  5.868287628066 
0.002818837277  5.871430792302 
0.002809991118  5.874573956538 
0.002801172720  5.877717120773 
0.002792381997  5.880860285009 
0.002783618861  5.884003449245 
0.002774883226  5.887146613480 
0.002766175005  5.890289777716 
0.002757494112  5.893432941952 
0.002748840463  5.896576106188 
0.002740213970  5.899719270423 
0.002731614549  5.902862434659 
0.002723042115  5.906005598895 
0.002714496584  5.909148763130 
0.002705977870  5.912291927366 
0.002697485890  5.915435091602 
0.002689020560  5.918578255837 
0.002680581796  5.921721420073 
0.002672169514  5.924864584309 
0.002663783633  5.928007748545 
0.002655424068  5.931150912780 
0.002647090737  5.934294077016 
0.002638783559  5.937437241252 
0.002630502450  5.940580405487 
0.002622247329  5.943723569723 
0.002614018115  5.946866733959 
0.002605814725  5.950009898195 
0.002597637080  5.953153062430 
0.002589485099  5.956296226666 
0.002581358700  5.959439390902 
0.002573257803  5.962582555137 
0.002565182329  5.965725719373 
0.002557132198  5.968868883609 
0.002549107330  5.972012047845 
0.002541107646  5.975155212080 
0.002533133066  5.978298376316 
0.002525183513  5.981441540552 
0.002517258907  5.984584704787 
0.002509359170  5.987727869023 
0.002501484225  5.990871033259 
0.002493633993  5.994014197494 
0.002485808397  5.997157361730 
0.002478007359  6.000300525966 
0.002470230803  6.003443690202 
0.002462478651  6.006586854437 
0.002454750828  6.009730018673 
0.002447047256  6.012873182909 
0.002439367860  6.016016347144 
0.002431712563  6.019159511380 
0.002424081291  6.022302675616 
0.002416473967  6.025445839852 
0.002408890516  6.028589004087 
0.002401330865  6.031732168323 
0.002393794937  6.034875332559 
0.002386282659  6.038018496794 
0.002378793956  6.041161661030 
0.002371328754  6.044304825266 
0.002363886980  6.047447989502 
0.002356468559  6.050591153737 
0.002349073420  6.053734317973 
0.002341701488  6.056877482209 
0.002334352691  6.060020646444 
0.002327026956  6.063163810680 
0.002319724211  6.066306974916 
0.002312444384  6.069450139151 
0.002305187402  6.072593303387 
0.002297953195  6.075736467623 
0.002290741690  6.078879631859 
0.002283552816  6.082022796094 
0.002276386503  6.085165960330 
0.002269242679  6.088309124566 
0.002262121275  6.091452288801 
0.002255022219  6.094595453037 
0.002247945441  6.097738617273 
0.002240890872  6.100881781509 
0.002233858442  6.104024945744 
0.002226848081  6.107168109980 
0.002219859720  6.110311274216 
0.002212893291  6.113454438451 
0.002205948723  6.116597602687 
0.002199025949  6.119740766923 
0.002192124901  6.122883931158 
0.002185245510  6.126027095394 
0.002178387707  6.129170259630 
0.002171551426  6.132313423866 
0.002164736599  6.135456588101 
0.002157943159  6.138599752337 
0.002151171037  6.141742916573 
0.002144420169  6.144886080808 
0.002137690486  6.148029245044 
0.002130981922  6.151172409280 
0.002124294411  6.154315573516 
0.002117627887  6.157458737751 
0.002110982285  6.160601901987 
0.002104357538  6.163745066223 
0.002097753580  6.166888230458 
0.002091170348  6.170031394694 
0.002084607775  6.173174558930 
0.002078065797  6.176317723166 
0.002071544349  6.179460887401 
0.002065043367  6.182604051637 
0.002058562787  6.185747215873 
0.002052102544  6.188890380108 
0.002045662575  6.192033544344 
0.002039242816  6.195176708580 
0.002032843204  6.198319872815 
0.002026463675  6.201463037051 
0.002020104167  6.204606201287 
0.002013764616  6.207749365523 
0.002007444960  6.210892529758 
0.002001145137  6.214035693994 
0.001994865084  6.217178858230 
0.001988604739  6.220322022465 
0.001982364040  6.223465186701 
0.001976142927  6.226608350937 
0.001969941336  6.229751515173 
0.001963759208  6.232894679408 
0.001957596481  6.236037843644 
0.001951453093  6.239181007880 
0.001945328985  6.242324172115 
0.001939224096  6.245467336351 
0.001933138366  6.248610500587 
0.001927071733  6.251753664823 
0.001921024140  6.254896829058 
0.001914995525  6.258039993294 
0.001908985829  6.261183157530 
0.001902994993  6.264326321765 
0.001897022958  6.267469486001 
0.001891069664  6.270612650237 
0.001885135053  6.273755814472 
0.001879219066  6.276898978708 
0.001873321645  6.280042142944 
0.001867442732  6.283185307180 
